t,x,y,z
0.005,4.9,4.4,0.099755
0.065,4.9,4.4,0.077705
0.125,4.902299,4.401863,0.062894
0.185,4.90585,4.405032,0.061454999999999996
0.25,4.909404,4.40856,0.061391999999999995
0.31,4.912714,4.412562,0.061398
0.37,4.918951,4.420053,0.061413
0.435,4.9260150000000005,4.428526000000001,0.061429
0.5,4.932499,4.436317,0.061404999999999994
0.56,4.939058,4.444162,0.061399
0.62,4.945684,4.452098,0.061398
0.68,4.951894,4.459521,0.061395000000000005
0.74,4.957788,4.46659,0.061399
0.805,4.964361,4.474483,0.061392999999999996
0.865,4.970646,4.482037999999999,0.061399
0.93,4.9772870000000005,4.490018,0.061401
0.995,4.983777,4.497792,0.061394000000000004
1.06,4.990496,4.505865,0.061394000000000004
1.12,4.996709,4.5133209999999995,0.061396000000000006
1.185,5.003301,4.521204,0.061392999999999996
1.245,5.009385,4.5285400000000005,0.061399
1.31,5.01604,4.536514,0.0614
1.37,5.022181,4.543886,0.061397
1.435,5.028797,4.5518339999999995,0.0614
1.495,5.032322,4.552398999999999,0.061403
1.56,5.0325,4.552414,0.061397
1.62,5.0325169999999995,4.552658999999999,0.061384
1.685,5.032353,4.552679,0.0614
1.745,5.032056,4.552267,0.061405999999999995
1.81,5.031872,4.551976,0.061404999999999994
1.87,5.031813,4.552087,0.06141
1.935,5.031702,4.55239,0.06141
1.995,5.0316,4.552574,0.06141
2.055,5.031493,4.552802,0.061411
2.12,5.031358,4.553033999999999,0.06141
2.18,5.031311,4.553151000000001,0.06141
2.245,5.0312209999999995,4.5533470000000005,0.061405999999999995
2.305,5.031149,4.553401,0.061408000000000004
2.37,5.031025,4.553447,0.061413999999999996
2.435,5.030901,4.553491,0.061413
2.5,5.030838,4.553501,0.061416
2.565,5.0307379999999995,4.5535120000000004,0.061413
2.63,5.030576,4.553623,0.06141
2.69,5.030487,4.553586,0.061417
2.755,5.030404,4.553496,0.061412
2.82,5.030241,4.55348,0.061412
2.885,5.030083,4.553445,0.061412
2.95,5.029987,4.553376,0.061411
3.015,5.029939,4.553273,0.06141
3.075,5.02986,4.553235,0.061412
3.14,5.029656,4.553159,0.061412
3.205,5.029332,4.5530800000000005,0.061413
3.27,5.028964,4.552997,0.061415
3.335,5.028641,4.5528830000000005,0.061405999999999995
3.4,5.024925,4.551959,0.061386
3.46,5.01546,4.550855,0.061399
3.525,5.003965,4.549658,0.061407
3.585,4.994576,4.548712,0.061398
3.65,4.984662999999999,4.547657,0.061392999999999996
3.715,4.974088,4.546554,0.061388
3.78,4.963328,4.545423,0.061389
3.845,4.953066000000001,4.544338,0.061395000000000005
3.91,4.943041,4.543278,0.061389
3.97,4.933435,4.5422769999999995,0.061397
4.035,4.9229650000000005,4.541173000000001,0.061399
4.1,4.912703,4.540097,0.061388
4.165,4.9024,4.539021,0.06138300000000001
4.23,4.8920069999999996,4.537948,0.061389
4.295,4.881516,4.536851,0.061398
4.36,4.871294,4.535767,0.061384
4.425,4.861135,4.534687,0.061389
4.485,4.851627,4.533683,0.06138
4.55,4.841193,4.532604,0.061386
4.61,4.831704,4.531613,0.061382000000000006
4.675,4.821536,4.530545,0.061382000000000006
4.74,4.811272,4.529469000000001,0.061386
4.805,4.80082,4.52839,0.061390999999999994
4.87,4.79041,4.5273080000000006,0.061389
4.935,4.780138,4.526209,0.061389
5.0,4.769891,4.525132,0.06138300000000001
5.065,4.759624,4.524030000000001,0.061389
5.13,4.749452,4.522963,0.061391999999999995
5.195,4.739109,4.521868,0.061384
5.255,4.729383,4.520862999999999,0.061376
5.32,4.7210410000000005,4.520268,0.061387
5.38,4.717256,4.520254,0.061384
5.445,4.717289,4.520385,0.061399
5.505,4.718637,4.520385,0.061389
5.57,4.718605999999999,4.520593,0.061408000000000004
5.635,4.718328,4.520735,0.061409000000000005
5.7,4.718662,4.52069,0.061402
5.765,4.7186580000000005,4.520822,0.06140399999999999
5.83,4.718399,4.521001999999999,0.061415
5.895,4.718247,4.521074,0.061407
5.96,4.717969,4.521208000000001,0.061412
6.025,4.718007,4.521275,0.061411
6.09,4.718122,4.521326999999999,0.061409000000000005
6.15,4.718125,4.52144,0.061412
6.215,4.718195,4.5215879999999995,0.061411
6.275,4.718242,4.521704,0.061413
6.34,4.718192,4.522195,0.06141
6.405,4.718168,4.522607,0.061413
6.47,4.718294,4.522752,0.061411
6.535,4.718395,4.523141000000001,0.061411
6.6,4.718475,4.523405,0.061412
6.665,4.71858,4.523621,0.06141
6.73,4.718703,4.523788,0.061413999999999996
6.795,4.718789,4.5237940000000005,0.061408000000000004
6.86,4.718876,4.523712000000001,0.061405999999999995
6.92,4.719025,4.523872,0.061413
6.985,4.71914,4.524103,0.061408000000000004
7.045,4.719271,4.524171,0.061412
7.11,4.719349,4.5241620000000005,0.06141
7.17,4.719469,4.5242510000000005,0.061408000000000004
7.235,4.719643,4.524356,0.061408000000000004
7.3,4.719755999999999,4.524354,0.06141
7.365,4.723415,4.5276190000000005,0.061384
7.43,4.731908,4.53555,0.061394000000000004
7.495,4.740479,4.54356,0.061387
7.56,4.747449,4.550097,0.061394000000000004
7.625,4.753883,4.554084,0.06137000000000001
7.69,4.75975,4.554976,0.061386
7.755,4.76331,4.554716,0.061405999999999995
7.815,4.764174,4.554221,0.061396000000000006
7.88,4.764907,4.553869000000001,0.06138099999999999
7.94,4.765401,4.5535440000000005,0.06139
8.005,4.765752,4.553262,0.061397
8.07,4.76583,4.553081,0.061405999999999995
8.13,4.765571,4.552846,0.061405999999999995
8.195,4.765421,4.5527489999999995,0.061407
8.255,4.765384,4.552969,0.06141
8.32,4.765269,4.552963,0.061405999999999995
8.38,4.765174,4.5530040000000005,0.061411
8.445,4.765069,4.55317,0.061412
8.505,4.764937000000001,4.5532449999999995,0.061407
8.57,4.764818,4.553225,0.061409000000000005
8.63,4.764707,4.553257,0.061405999999999995
8.695,4.764621,4.553281,0.061409000000000005
8.755,4.764558999999999,4.553185,0.061405999999999995
8.82,4.7644779999999995,4.553148,0.061405999999999995
8.88,4.7644,4.553114,0.061409000000000005
8.945,4.764307,4.553059999999999,0.061411
9.005,4.764191,4.553046,0.06141
9.07,4.764104,4.5529980000000005,0.06141
9.13,4.7639510000000005,4.552976,0.061413
9.195,4.763808,4.552917,0.061413
9.255,4.76359,4.552906,0.061413
9.32,4.7633529999999995,4.552853,0.06141
9.38,4.76319,4.552793,0.061413999999999996
9.445,4.763147,4.552694,0.061408000000000004
9.505,4.763064,4.552626999999999,0.06141
9.57,4.76294,4.552547,0.06141
9.63,4.7600370000000005,4.552877,0.061389
9.695,4.750175,4.553141,0.061397
9.755,4.739497,4.553427,0.061405999999999995
9.82,4.7291099999999995,4.5536959999999995,0.061394000000000004
9.88,4.719901,4.5539190000000005,0.061387
9.945,4.7093620000000005,4.5541730000000005,0.06139
10.005,4.69943,4.554431,0.061396000000000006
10.07,4.6909849999999995,4.554459,0.061378999999999996
10.13,4.6870400000000005,4.554476,0.061385
10.195,4.687016000000001,4.554469999999999,0.061392999999999996
10.255,4.688176,4.554286,0.061395000000000005
10.32,4.688438,4.554412,0.061407
10.38,4.6882019999999995,4.554321,0.061403
10.445,4.688236,4.554238,0.0614
10.505,4.688219999999999,4.554147,0.061404999999999994
10.57,4.688332,4.554056,0.061404999999999994
10.63,4.688435,4.554018,0.061404999999999994
10.695,4.688452,4.553941,0.061407
10.755,4.688457,4.553875,0.061404999999999994
10.82,4.688496,4.553812000000001,0.061405999999999995
10.88,4.688526,4.553744999999999,0.061409000000000005
10.945,4.688569,4.553681,0.061411
11.005,4.688654,4.553647,0.061409000000000005
11.07,4.688726,4.5536010000000005,0.061407
11.13,4.688783,4.553557,0.06141
11.195,4.688843,4.553514,0.06141
11.255,4.688912,4.55349,0.061411
11.32,4.689026999999999,4.553508,0.061407
11.38,4.6891099999999994,4.5534870000000005,0.06141
11.445,4.689223,4.5534930000000005,0.061404999999999994
11.505,4.689329,4.553505,0.061405999999999995
11.57,4.689433,4.553496,0.061408000000000004
11.63,4.689518,4.553507,0.061407
11.695,4.689577,4.553605999999999,0.061402
11.755,4.689705,4.5536449999999995,0.061413
11.82,4.689798000000001,4.5537019999999995,0.061409000000000005
11.88,4.689905,4.553715,0.061411
11.945,4.690082,4.553799,0.06141
12.005,4.690215,4.553788,0.061413
12.07,4.690266,4.553718,0.061413
12.13,4.69031,4.553623,0.061411
12.195,4.6904330000000005,4.55359,0.061412
12.255,4.690519999999999,4.553515,0.061413
12.32,4.690612000000001,4.553424,0.06141799999999999
12.38,4.690746,4.55337,0.061408000000000004
12.445,4.69095,4.553272,0.061405999999999995
12.505,4.6911059999999996,4.553164,0.061411
12.57,4.691468,4.553078,0.061413999999999996
12.63,4.691552,4.552985,0.061405999999999995
12.695,4.695168,4.5522800000000005,0.06139
12.755,4.704526,4.551374,0.061396000000000006
12.82,4.716043,4.5503290000000005,0.061408000000000004
12.88,4.7254510000000005,4.549457,0.061403
12.945,4.735281,4.548546,0.061390999999999994
13.005,4.7451419999999995,4.547676999999999,0.061399
13.07,4.7559190000000005,4.5466809999999995,0.061391999999999995
13.13,4.7655449999999995,4.545822,0.061385
13.195,4.7756870000000005,4.544894,0.061385
13.255,4.785093,4.544067,0.061392999999999996
13.32,4.7955190000000005,4.54312,0.061391999999999995
13.38,4.805151,4.542221,0.061399
13.445,4.815271,4.541303,0.061391999999999995
13.505,4.824783,4.540421,0.06139
13.57,4.835338,4.539457,0.061390999999999994
13.63,4.844869,4.538587000000001,0.061372
13.695,4.855086,4.53766,0.061389
13.755,4.86456,4.536803,0.06139
13.82,4.874936,4.535864,0.061388
13.88,4.8845529999999995,4.534991000000001,0.06138099999999999
13.945,4.894907,4.53405,0.061377999999999995
14.005,4.904362,4.533172,0.061378999999999996
14.07,4.914692,4.532253,0.06139
14.13,4.924226999999999,4.531382,0.061388
14.195,4.934546,4.530469,0.061388
14.255,4.9440599999999995,4.529622,0.06138300000000001
14.32,4.954443,4.528654,0.061388
14.38,4.964059,4.527792,0.061394000000000004
14.445,4.974261,4.526858,0.06139
14.505,4.983741,4.526003,0.06139
14.57,4.994164,4.525074,0.061388
14.63,5.001930000000001,4.524579,0.061377999999999995
14.695,5.006308,4.5245489999999995,0.06139
14.755,5.00649,4.524646,0.061403
14.82,5.005338,4.52464,0.061392999999999996
14.88,5.005483,4.524793,0.06141
14.945,5.005819,4.524935,0.061404999999999994
15.005,5.005685,4.52492,0.0614
15.07,5.005803,4.525075,0.061409000000000005
15.13,5.006118,4.525245,0.061413999999999996
15.195,5.006139,4.525341,0.06141
15.255,5.006061,4.525357,0.061407
15.32,5.006124,4.525526999999999,0.061413
15.38,5.008844,4.528531,0.061382000000000006
15.445,5.016706,4.536653,0.061398
15.505,5.02449,4.544683999999999,0.061392999999999996
15.57,5.0315199999999995,4.551945,0.06140399999999999
15.63,5.036354,4.554269000000001,0.06136900000000001
15.695,5.039105,4.554311,0.061397
15.755,5.039788,4.553944,0.061384
15.82,5.040366000000001,4.5536,0.061392999999999996
15.88,5.040742,4.553356,0.061402
15.945,5.040671,4.553262999999999,0.06140399999999999
16.01,5.0404919999999995,4.553204,0.061407
16.074999,5.0403970000000005,4.55336,0.061404999999999994
16.135,5.040305,4.553364,0.061411
16.199999,5.040211,4.553397,0.061409000000000005
16.26,5.040122,4.553383,0.061405999999999995
16.324999,5.040036,4.553387,0.061409000000000005
16.385,5.0399080000000005,4.5534,0.061405999999999995
16.449999,5.039793,4.553413,0.06140399999999999
16.51,5.039680000000001,4.553447,0.061409000000000005
16.574999,5.039554,4.553472,0.061408000000000004
16.635,5.039463,4.553489,0.061409000000000005
16.699999,5.039365,4.553472,0.061409000000000005
16.76,5.039297,4.553449,0.061411
16.824999,5.039168,4.55345,0.06141
16.885,5.039022,4.553471,0.061416
16.949999,5.038897,4.553463,0.061413
17.01,5.038817,4.553401999999999,0.061413999999999996
17.074999,5.038616,4.553396,0.061413999999999996
17.135,5.038526999999999,4.55335,0.061413999999999996
17.199999,5.0384910000000005,4.553279,0.061413
17.26,5.038253,4.553203,0.061409000000000005
17.324999,5.037953,4.553173,0.061413999999999996
17.385,5.037595,4.553069,0.061408000000000004
17.449999,5.03694,4.552985,0.061413999999999996
17.51,5.036599,4.552884,0.061408000000000004
17.574999,5.036331,4.552779,0.061411
17.635,5.033107,4.552009,0.061392999999999996
17.699999,5.023139,4.550797,0.061395000000000005
17.76,5.012407,4.549623,0.0614
17.824999,5.002244,4.548515,0.061399
17.885,4.993258,4.547554,0.061392999999999996
17.949999,4.982607,4.54637,0.061396000000000006
18.01,4.972611,4.5452650000000006,0.061391999999999995
18.074999,4.962295,4.544133,0.061388
18.135,4.953025,4.543107,0.061385
18.199999,4.942825,4.541976999999999,0.061388
18.26,4.933097,4.540906,0.061391999999999995
18.324999,4.922677999999999,4.53975,0.061389
18.385,4.913319,4.538712,0.061385
18.449999,4.903211,4.537605999999999,0.061395000000000005
18.51,4.893536,4.536542,0.061391999999999995
18.574999,4.882975,4.5353699999999995,0.06138300000000001
18.635,4.873369,4.534307,0.061387
18.699999,4.863286,4.533199,0.061391999999999995
18.76,4.854013,4.532168,0.061391999999999995
18.824999,4.843572,4.531021,0.06138300000000001
18.885,4.833839,4.529968,0.061389
18.949999,4.8236669999999995,4.528848,0.061385
19.01,4.81424,4.527839,0.061390999999999994
19.074999,4.803832,4.526673000000001,0.06139
19.135,4.794199,4.525581,0.06139
19.199999,4.783905,4.524446,0.06138300000000001
19.26,4.774543,4.523414,0.061382000000000006
19.324999,4.764343,4.522285,0.061386
19.385,4.754696,4.521218,0.061387
19.449999,4.744267,4.520082,0.061391999999999995
19.51,4.734877,4.519046,0.061382000000000006
19.574999,4.726915,4.518428,0.061377
19.635,4.723147,4.518408,0.061389
19.699999,4.7233019999999994,4.518533000000001,0.061401
19.76,4.724638,4.518546,0.061390999999999994
19.824999,4.724686,4.518705000000001,0.061404999999999994
19.885,4.724393,4.518843,0.061413999999999996
19.949999,4.72445,4.518837,0.061405999999999995
20.01,4.724386,4.519,0.061412
20.074999,4.724267,4.519137000000001,0.06141799999999999
20.135,4.7244209999999995,4.519087,0.0614
20.199999,4.72438,4.51925,0.061411
20.26,4.724366000000001,4.51936,0.061411
20.324999,4.724436,4.519432,0.06141
20.385,4.724463,4.519526,0.061411
20.449999,4.724496,4.519692,0.061413
20.51,4.7245669999999995,4.5197650000000005,0.061413999999999996
20.574999,4.724636,4.51989,0.061415
20.635,4.724695,4.519952,0.061412
20.699999,4.724789,4.519976,0.061411
20.76,4.724868,4.520087,0.061409000000000005
20.824999,4.72495,4.5203940000000005,0.061416
20.885,4.7250309999999995,4.52072,0.06141
20.949999,4.725143,4.520987,0.061413999999999996
21.01,4.725232,4.521115,0.061409000000000005
21.074999,4.725332,4.521192,0.0614
21.135,4.725459,4.521344,0.061412
21.199999,4.725556,4.521342,0.06140399999999999
21.26,4.725668,4.5214419999999995,0.061403
21.324999,4.725795,4.521577,0.061407
21.385,4.72587,4.521575,0.061411
21.449999,4.725961,4.5215559999999995,0.061409000000000005
21.51,4.726038,4.521479,0.061413
21.574999,4.729458,4.524769999999999,0.061382000000000006
21.635,4.736848999999999,4.532451999999999,0.061398
21.699999,4.745028,4.54094,0.061416
21.76,4.751052,4.547192,0.061401
21.824999,4.757859,4.5542370000000005,0.061388
21.885,4.763255,4.55426,0.06137000000000001
21.949999,4.766936,4.553744,0.061401
22.01,4.767547,4.553391,0.061396000000000006
22.074999,4.767616,4.553287,0.061397
22.135,4.767512,4.553222,0.06139
22.199999,4.767394,4.553165,0.061399
22.26,4.7671410000000005,4.553054,0.06140399999999999
22.324999,4.766984,4.552932,0.06141
22.385,4.766869,4.553191,0.061408000000000004
22.449999,4.766763,4.553268,0.061409000000000005
22.51,4.766651,4.55323,0.061412
22.574999,4.766546,4.553313,0.061405999999999995
22.635,4.7664230000000005,4.55335,0.061405999999999995
22.699999,4.766307,4.553364,0.061407
22.76,4.766222,4.553382,0.061405999999999995
22.824999,4.766118,4.5534419999999995,0.061407
22.885,4.7660540000000005,4.553469000000001,0.061413
22.949999,4.765974,4.553558,0.061408000000000004
23.01,4.765877,4.553501,0.06141
23.074999,4.765801000000001,4.553454,0.061408000000000004
23.135,4.765692,4.553425,0.061413
23.199999,4.7655959999999995,4.553383999999999,0.061413999999999996
23.26,4.765502,4.553349,0.061412
23.324999,4.765409,4.553274,0.061409000000000005
23.385,4.765292,4.553227,0.061415
23.449999,4.765071,4.553167,0.061412
23.51,4.764956,4.553103,0.061413
23.574999,4.76474,4.55302,0.061413999999999996
23.635,4.764443,4.552948000000001,0.061412
23.699999,4.764197,4.552872,0.061409000000000005
23.76,4.763859,4.552773999999999,0.061412
23.824999,4.760321,4.552817,0.061390999999999994
23.885,4.751144,4.552653,0.061395000000000005
23.949999,4.739649,4.552449,0.061407
24.01,4.730251,4.552291,0.061397
24.074999,4.720067,4.552116000000001,0.061390999999999994
24.135,4.710185,4.551937000000001,0.061394000000000004
24.199999,4.699439,4.551737,0.06139
24.26,4.689959,4.551586,0.061382000000000006
24.324999,4.679721,4.551409,0.061385
24.385,4.6702,4.5512440000000005,0.061394000000000004
24.449999,4.6596470000000005,4.551042,0.061391999999999995
24.51,4.649904,4.550868,0.061391999999999995
24.574999,4.639901999999999,4.550674,0.061378999999999996
24.635,4.630445,4.550532,0.061386
24.699999,4.619918,4.550337,0.061372
24.76,4.610138,4.550174,0.061384
24.824999,4.599926,4.549991,0.061395000000000005
24.885,4.590624,4.549846,0.061377
24.949999,4.580065,4.54964,0.06138
25.01,4.57011,4.549493,0.06139
25.074999,4.559991,4.549297,0.061384
25.135,4.550671,4.549125,0.061387
25.199999,4.540175,4.548947,0.061382000000000006
25.26,4.530377,4.5487519999999995,0.061392999999999996
25.324999,4.520126,4.548553,0.06138
25.385,4.510774,4.5484,0.061378999999999996
25.449999,4.500413,4.548203,0.061372
25.51,4.490623,4.548026,0.061385
25.574999,4.480213,4.547841,0.061377999999999995
25.635,4.470727,4.547672,0.06137000000000001
25.699999,4.460495,4.547493,0.06138
25.76,4.452776999999999,4.547517,0.061375
25.824999,4.448437,4.547623000000001,0.061375
25.885,4.448137,4.547638,0.0614
25.949999,4.44937,4.547491,0.061388
26.01,4.449104,4.547716,0.061407
26.074999,4.448733,4.547914,0.061422000000000004
26.135,4.4489019999999995,4.547822,0.061397
26.199999,4.44876,4.5479970000000005,0.061401
26.26,4.4486669999999995,4.548125,0.06141
26.324999,4.448840000000001,4.548078,0.061409000000000005
26.385,4.448898000000001,4.548188,0.061412
26.449999,4.448874,4.548343,0.061412
26.51,4.448932,4.548394999999999,0.061412
26.574999,4.449003,4.548481,0.061408000000000004
26.635,4.449051,4.548613,0.061412
26.699999,4.449115,4.548711,0.061413
26.76,4.449193,4.548792,0.061413
26.824999,4.449261,4.549015,0.061411
26.885,4.4492959999999995,4.549386,0.061409000000000005
26.949999,4.449392,4.549981,0.061412
27.01,4.449477,4.5504169999999995,0.06141
27.074999,4.4495830000000005,4.550783999999999,0.061408000000000004
27.135,4.449667,4.550952,0.061413
27.199999,4.449778,4.551093,0.061408000000000004
27.26,4.449888,4.551321,0.061407
27.324999,4.44998,4.551289,0.061405999999999995
27.385,4.450080000000001,4.551329,0.061405999999999995
27.449999,4.450202,4.551329,0.061411
27.51,4.450248,4.551291,0.061408000000000004
27.574999,4.45031,4.551273,0.061411
27.635,4.450443,4.551337999999999,0.061415
27.699999,4.450636,4.551411,0.061413
27.76,4.450833,4.551483,0.06141799999999999
27.824999,4.450851,4.551374,0.061411
27.885,4.450968,4.551314,0.061411
27.949999,4.451004,4.551245,0.061412
28.01,4.451047,4.551157,0.061412
28.074999,4.451192,4.551044,0.061409000000000005
28.135,4.451444,4.550951,0.061411
28.199999,4.451725,4.55084,0.061412
28.26,4.452008999999999,4.550769,0.061412
28.324999,4.452287,4.550687,0.061413999999999996
28.385,4.452351,4.550591000000001,0.061416
28.449999,4.452399,4.550504,0.061404999999999994
28.51,4.45249,4.550406,0.061407
28.574999,4.45259,4.550345,0.061404999999999994
28.635,4.452669,4.550211,0.06141900000000001
28.699999,4.452811,4.550066999999999,0.061405999999999995
28.76,4.453046,4.549883,0.061409000000000005
28.824999,4.453081,4.549769,0.061409000000000005
28.885,4.453119999999999,4.549601999999999,0.061415
28.949999,4.45317,4.549468,0.061413
29.01,4.453137,4.549385,0.061411
29.074999,4.453117,4.549286,0.061412
29.135,4.453069999999999,4.549188,0.061412
29.199999,4.453017,4.54904,0.061413
29.26,4.452983000000001,4.548903,0.061411
29.324999,4.452902,4.548684,0.06141
29.385,4.452825,4.548467,0.06141
29.449999,4.452749,4.548143,0.061413999999999996
29.51,4.452644,4.547883000000001,0.061407
29.574999,4.452539,4.547348,0.061407
29.635,4.452447,4.547045,0.061413
29.699999,4.452372,4.547142,0.061409000000000005
29.76,4.4522260000000005,4.547068,0.061411
29.824999,4.452138,4.546912,0.06141
29.885,4.452031,4.546841000000001,0.06141
29.949999,4.451907,4.546695,0.061405999999999995
30.01,4.451853,4.546611,0.06141
30.074999,4.451741,4.546571,0.061412
30.135,4.451621,4.546537,0.061416
30.199999,4.451543,4.546593,0.06141
30.26,4.451486,4.546663,0.061409000000000005
30.324999,4.451347,4.546657,0.061413
30.385,4.4512480000000005,4.546717,0.061413999999999996
30.449999,4.451086,4.5467,0.06141799999999999
30.51,4.450988,4.5468,0.061413999999999996
30.574999,4.450889,4.546876999999999,0.061412
30.635,4.450714,4.546972,0.061411
30.699999,4.450539,4.547078,0.061409000000000005
30.76,4.450323,4.547148,0.06141
30.824999,4.450089,4.547261,0.06141
30.885,4.4498940000000005,4.5473550000000005,0.061413
30.949999,4.449853,4.547453,0.061409000000000005
31.01,4.449731,4.547562,0.061408000000000004
31.074999,4.449473,4.547691,0.061403
31.135,4.449043,4.54787,0.061416
31.199999,4.448653,4.5479769999999995,0.061409000000000005
31.26,4.448626,4.548001999999999,0.061404999999999994
31.324999,4.448669000000001,4.5481110000000005,0.061408000000000004
31.385,4.4485730000000006,4.548234,0.061412
31.449999,4.448612000000001,4.548296,0.06141
31.51,4.448568,4.548461,0.061412
31.574999,4.448612000000001,4.548573,0.061411
31.635,4.448677,4.548597,0.061415
31.699999,4.448715,4.548706,0.061411
31.76,4.448726000000001,4.5489440000000005,0.06141
31.824999,4.448782,4.549215,0.06141
31.885,4.448874,4.549372,0.061413999999999996
31.949999,4.448964,4.549518,0.061413999999999996
32.014998999999996,4.44907,4.549798,0.061415
32.075001,4.449172,4.55015,0.061413
32.139998999999996,4.4492769999999995,4.550332,0.061405999999999995
32.200001,4.449365,4.550439,0.061412
32.264998999999996,4.449463,4.550416,0.061404999999999994
32.325001,4.449536,4.550524,0.061404999999999994
32.389998999999996,4.449663,4.550789,0.061411
32.450001,4.449778,4.550825,0.061405999999999995
32.514998999999996,4.449823,4.550751,0.06141
32.575001,4.449875,4.550793,0.061415
32.639998999999996,4.449984,4.550825,0.061407
32.700001,4.450119,4.55087,0.061413999999999996
32.764998999999996,4.450153,4.5507610000000005,0.06141
32.825001,4.450291,4.550774,0.061408000000000004
32.889998999999996,4.450413,4.5507800000000005,0.061412
32.950001,4.450522,4.55074,0.061413999999999996
33.014998999999996,4.450699,4.550696,0.061416
33.075001,4.450833,4.5506269999999995,0.061412
33.139998999999996,4.451148,4.550591000000001,0.061412
33.200001,4.4514059999999995,4.550503,0.061409000000000005
33.264998999999996,4.451672,4.5504,0.061411
33.325001,4.451894,4.550321,0.061413
33.389998999999996,4.452266000000001,4.550207,0.061411
33.450001,4.4524040000000005,4.5500989999999994,0.061408000000000004
33.514998999999996,4.452479,4.550007,0.061405999999999995
33.575001,4.452567,4.549858,0.061412
33.639998999999996,4.452577,4.549764,0.06140399999999999
33.700001,4.452611,4.5496620000000005,0.061403
33.764998999999996,4.452715,4.5495470000000005,0.061411
33.825001,4.452793,4.549441000000001,0.061411
33.889998999999996,4.452943,4.549339,0.061409000000000005
33.950001,4.453001,4.549199,0.061416
34.014998999999996,4.452909,4.549153,0.061411
34.075001,4.452858,4.549066000000001,0.061413999999999996
34.139998999999996,4.45287,4.548948,0.061416
34.200001,4.452833999999999,4.548838,0.061412
34.264998999999996,4.452774,4.5488,0.061413
34.325001,4.452694999999999,4.548737,0.061412
34.389998999999996,4.45261,4.548624,0.061412
34.450001,4.452534,4.54852,0.061415
34.514998999999996,4.452453,4.548326,0.061412
34.575001,4.452394,4.5479400000000005,0.061408000000000004
34.639998999999996,4.452275,4.547297,0.061413
34.700001,4.452168,4.5468660000000005,0.06141
34.764998999999996,4.452097,4.546741,0.061411
34.825001,4.452039,4.546804,0.061412
34.889998999999996,4.451933,4.546803,0.061405999999999995
34.950001,4.451785,4.54663,0.061411
35.014998999999996,4.451727,4.546591,0.061408000000000004
35.075001,4.451673,4.5465349999999995,0.061411
35.139998999999996,4.451524,4.546437,0.061411
35.200001,4.451458000000001,4.546487,0.06141
35.264998999999996,4.451401000000001,4.5465349999999995,0.061409000000000005
35.325001,4.451251999999999,4.546530000000001,0.061415
35.389998999999996,4.451189,4.546619000000001,0.061412
35.450001,4.451042,4.546636,0.061416
35.514998999999996,4.450891,4.546685,0.061413999999999996
35.575001,4.4508209999999995,4.546742,0.06141
35.639998999999996,4.450653,4.546779,0.061413999999999996
35.700001,4.450680999999999,4.546873000000001,0.061411
35.764998999999996,4.45056,4.546938,0.061411
35.825001,4.450434,4.5470239999999995,0.061413
35.889998999999996,4.450365000000001,4.547111,0.061412
35.950001,4.450276000000001,4.547212,0.061404999999999994
36.014998999999996,4.450143,4.5473349999999995,0.06140399999999999
36.075001,4.450063,4.547472,0.061413999999999996
36.139998999999996,4.449955999999999,4.547572,0.061405999999999995
36.200001,4.449787000000001,4.547672,0.061411
36.264998999999996,4.449598,4.547797,0.061413
36.325001,4.449521,4.547894,0.061411
36.389998999999996,4.449641000000001,4.547926,0.061404999999999994
36.450001,4.449587,4.548047,0.061411
36.514998999999996,4.449625,4.548126,0.061411
36.575001,4.449667,4.5482190000000005,0.061413999999999996
36.639998999999996,4.449712,4.548307,0.061412
36.700001,4.449788,4.548368,0.06141
36.764998999999996,4.449828,4.548441,0.061411
36.825001,4.449877,4.5485690000000005,0.061413999999999996
36.889998999999996,4.4499260000000005,4.548723000000001,0.061413
36.950001,4.450022,4.548853,0.061412
37.014998999999996,4.450112,4.548852,0.061411
37.075001,4.450182,4.549045,0.06141
37.139998999999996,4.450243,4.549313,0.061415
37.200001,4.450315,4.549452,0.061408000000000004
37.264998999999996,4.450425,4.5494699999999995,0.061408000000000004
37.325001,4.450516,4.549535,0.061409000000000005
37.389998999999996,4.450608,4.549717,0.06140399999999999
37.450001,4.450698,4.549803,0.061409000000000005
37.514998999999996,4.450747,4.5497819999999995,0.061408000000000004
37.575001,4.45085,4.549797,0.061411
37.639998999999996,4.450976,4.5498650000000005,0.061413
37.700001,4.4510559999999995,4.549828,0.061413
37.764998999999996,4.451147,4.549819,0.061413
37.825001,4.451232,4.549774,0.061411
37.889998999999996,4.4546790000000005,4.553082,0.061382000000000006
37.950001,4.460411,4.55454,0.06138300000000001
38.014998999999996,4.46671,4.5550809999999995,0.06139
38.075001,4.471364,4.5543260000000005,0.061396000000000006
38.139998999999996,4.47354,4.553599,0.061405999999999995
38.200001,4.47369,4.553425,0.06140399999999999
38.264998999999996,4.473523,4.553381,0.061399
38.325001,4.473433,4.553316000000001,0.0614
38.389998999999996,4.473439,4.553187,0.061391999999999995
38.450001,4.473424,4.553044,0.061387
38.514998999999996,4.473339,4.552857,0.061405999999999995
38.575001,4.473097,4.552472,0.061403
38.639998999999996,4.472988,4.551973,0.061407
38.700001,4.472889,4.552041,0.061408000000000004
38.764998999999996,4.472771,4.552107,0.061412
38.825001,4.472681,4.552104,0.061405999999999995
38.889998999999996,4.472569999999999,4.552188,0.061409000000000005
38.950001,4.472457,4.552345,0.06141
39.014998999999996,4.472352,4.552534,0.061405999999999995
39.075001,4.4722800000000005,4.552558,0.061404999999999994
39.139998999999996,4.472212,4.552454,0.061412
39.200001,4.472062,4.552501,0.061412
39.264998999999996,4.4719050000000005,4.552615,0.06141
39.325001,4.471815,4.552617,0.061411
39.389998999999996,4.471719,4.552607,0.061413
39.450001,4.47167,4.552547,0.061413999999999996
39.514998999999996,4.471555,4.552526,0.061412
39.575001,4.471336,4.552502,0.061411
39.639998999999996,4.471154,4.552447,0.061411
39.700001,4.471082,4.552375,0.061405999999999995
39.764998999999996,4.471004,4.5523050000000005,0.061411
39.825001,4.4707930000000005,4.552217,0.061412
39.889998999999996,4.470543,4.552074,0.061404999999999994
39.950001,4.467543,4.55229,0.061391999999999995
40.014998999999996,4.457816,4.552391,0.061394000000000004
40.075001,4.447116,4.552507,0.061405999999999995
40.139998999999996,4.436756,4.552564,0.061403
40.200001,4.427644,4.552632,0.061391999999999995
40.264998999999996,4.416998,4.552708,0.061387
40.325001,4.406797,4.552797,0.061385
40.389998999999996,4.396215,4.5528260000000005,0.061387
40.450001,4.387162,4.552903,0.06138099999999999
40.514998999999996,4.37701,4.5529589999999995,0.061391999999999995
40.575001,4.367305,4.553025,0.061399
40.639998999999996,4.356688,4.553086,0.061388
40.700001,4.347139,4.553155,0.061374
40.764998999999996,4.337008,4.553203,0.061390999999999994
40.825001,4.327649,4.553262999999999,0.06138
40.889998999999996,4.317001,4.553336,0.06139
40.950001,4.307321,4.553411,0.061388
41.014998999999996,4.296954,4.553469000000001,0.061387
41.075001,4.287484,4.5535190000000005,0.061395000000000005
41.139998999999996,4.277175,4.553579,0.061389
41.200001,4.2674199999999995,4.553647,0.061387
41.264998999999996,4.2569230000000005,4.5537279999999996,0.061384
41.325001,4.247436,4.5537849999999995,0.06138099999999999
41.389998999999996,4.237293,4.553871,0.061388
41.450001,4.227766,4.553923,0.061387
41.514998999999996,4.21727,4.553995,0.061378999999999996
41.575001,4.207582,4.554057,0.061378999999999996
41.639998999999996,4.1972,4.554111,0.061387
41.700001,4.187727,4.554183,0.061392999999999996
41.764998999999996,4.177608,4.554239,0.061386
41.825001,4.167987,4.554305,0.061386
41.889998999999996,4.159467,4.554385,0.061376
41.950001,4.155591,4.554416000000001,0.061372
42.014998999999996,4.155631,4.554396,0.061397
42.075001,4.157051999999999,4.554257,0.061395000000000005
42.139998999999996,4.156994999999999,4.554501,0.061401
42.200001,4.156474,4.554735,0.06140399999999999
42.264998999999996,4.156692,4.554683,0.061398
42.325001,4.1566980000000004,4.554777,0.061403
42.389998999999996,4.156592,4.554931,0.061404999999999994
42.450001,4.156662,4.55497,0.061413
42.514998999999996,4.156858000000001,4.5549599999999995,0.061405999999999995
42.575001,4.156786,4.5551580000000005,0.061413999999999996
42.639998999999996,4.15684,4.555212,0.061411
42.700001,4.156921,4.555243,0.061415
42.764998999999996,4.156994,4.555351,0.06141
42.825001,4.156961,4.555695,0.061412
42.889998999999996,4.157019999999999,4.556076999999999,0.061411
42.950001,4.157078,4.556396,0.061412
43.014998999999996,4.157205,4.5565489999999995,0.06141
43.075001,4.157278,4.556718,0.06141
43.139998999999996,4.157396,4.556836,0.061409000000000005
43.200001,4.157511,4.556851999999999,0.06141
43.264998999999996,4.157648,4.556959,0.06141
43.325001,4.157744999999999,4.556978,0.061409000000000005
43.389998999999996,4.157833,4.556896,0.061412
43.450001,4.157973999999999,4.557064,0.061404999999999994
43.514998999999996,4.158078,4.5571980000000005,0.06141
43.575001,4.158146,4.557158,0.061409000000000005
43.639998999999996,4.158269000000001,4.557214,0.061412
43.700001,4.15838,4.557236,0.061411
43.764998999999996,4.158535,4.5572610000000005,0.061413
43.825001,4.161498,4.559952,0.061384
43.889998999999996,4.169537999999999,4.567958,0.061396000000000006
43.950001,4.177355,4.575735,0.061408000000000004
44.014998999999996,4.184241,4.582612,0.061398
44.075001,4.1904069999999995,4.588749,0.061389
44.139998999999996,4.198141000000001,4.5964220000000005,0.061396000000000006
44.200001,4.205298,4.603534,0.061402
44.264998999999996,4.210657,4.609076,0.061361
44.325001,4.211361,4.610976,0.061377999999999995
44.389998999999996,4.2110199999999995,4.611127,0.06140399999999999
44.450001,4.2110959999999995,4.611125,0.061404999999999994
44.514998999999996,4.210893,4.610837999999999,0.061401
44.575001,4.210736,4.610587000000001,0.061395000000000005
44.639998999999996,4.210567,4.61032,0.061397
44.700001,4.210506,4.610146,0.061412
44.764998999999996,4.210442,4.610225,0.061413
44.825001,4.2103269999999995,4.610491000000001,0.061407
44.889998999999996,4.210212,4.6107059999999995,0.061413999999999996
44.950001,4.210116999999999,4.610803,0.061411
45.014998999999996,4.210008,4.610894999999999,0.061408000000000004
45.075001,4.209894,4.611064,0.061407
45.139998999999996,4.209766,4.611182,0.0614
45.200001,4.209651999999999,4.611404,0.061404999999999994
45.264998999999996,4.209537999999999,4.611566000000001,0.061412
45.325001,4.209413,4.611782,0.061408000000000004
45.389998999999996,4.209297,4.611896,0.061411
45.450001,4.209207,4.611942,0.061413999999999996
45.514998999999996,4.20913,4.611887,0.061413
45.575001,4.209041,4.611908000000001,0.061411
45.639998999999996,4.205575,4.615133999999999,0.061385
45.700001,4.198017,4.622568,0.061397
45.764998999999996,4.189503,4.631001,0.061392999999999996
45.825001,4.183139,4.637251,0.061401
45.889998999999996,4.176426,4.643853,0.06139
45.950001,4.169232,4.650938,0.061395000000000005
46.014998999999996,4.161444,4.658587000000001,0.061404999999999994
46.075001,4.15489,4.665019999999999,0.061401
46.139998999999996,4.1477010000000005,4.672093,0.061392999999999996
46.200001,4.140702,4.67897,0.061394000000000004
46.264998999999996,4.133193,4.6863790000000005,0.061398
46.325001,4.126505,4.6929110000000005,0.061396000000000006
46.389998999999996,4.11918,4.700122,0.061392999999999996
46.450001,4.112236,4.706955000000001,0.061399
46.514998999999996,4.104858999999999,4.714216,0.061396000000000006
46.575001,4.098033999999999,4.7209129999999995,0.061397
46.639998999999996,4.090637999999999,4.728177,0.061398
46.700001,4.08376,4.734909,0.061398
46.764998999999996,4.076368,4.742156,0.061398
46.825001,4.069571,4.748849,0.061398
46.889998999999996,4.062144,4.756158999999999,0.061399
46.950001,4.0553040000000005,4.762885,0.061396000000000006
47.014998999999996,4.047921,4.770132,0.061395000000000005
47.075001,4.0411150000000005,4.776814,0.061398
47.139998999999996,4.033723999999999,4.784055,0.061399
47.200001,4.026888,4.790785,0.061396000000000006
47.264998999999996,4.019436,4.798112000000001,0.061399
47.325001,4.012683,4.804748,0.061392999999999996
47.389998999999996,4.005269,4.812027,0.0614
47.450001,3.9983940000000002,4.818779,0.061398
47.514998999999996,3.991053,4.825994000000001,0.061397
47.575001,3.986041,4.83078,0.061403
47.639998999999996,3.984339,4.831944,0.0614
47.700001,3.9848269999999997,4.831451,0.061397
47.764998999999996,3.985143,4.830987,0.061396000000000006
47.825001,3.985151,4.831079,0.061408000000000004
47.889998999999996,3.9853940000000003,4.830871,0.061409000000000005
47.950001,3.985531,4.830816,0.061411
48.014998999999996,3.9855940000000003,4.830965,0.061409000000000005
48.075001,3.9856629999999997,4.83106,0.061413999999999996
48.139998999999996,3.985758,4.831101,0.061409000000000005
48.200001,3.985837,4.8312610000000005,0.061412
48.264998999999996,3.9859129999999996,4.8313559999999995,0.061407
48.325001,3.986014,4.831494,0.061405999999999995
48.389998999999996,3.9861410000000004,4.831615,0.061411
48.450001,3.986239,4.831748999999999,0.061405999999999995
48.514998999999996,3.986375,4.831899,0.061408000000000004
48.575001,3.9864900000000003,4.832068,0.061412
48.639998999999996,3.986537,4.832118,0.061404999999999994
48.700001,3.9866339999999996,4.832085,0.061409000000000005
48.764998999999996,3.9867470000000003,4.832121,0.06141
48.825001,3.986856,4.83215,0.061413
48.889998999999996,3.990353,4.835394,0.06138300000000001
48.950001,3.998022,4.842752,0.061397
49.014998999999996,4.006574,4.851001,0.061397
49.075001,4.013038,4.857248,0.061403
49.139998999999996,4.0198540000000005,4.863794,0.06139
49.200001,4.027119,4.870794,0.061398
49.264998999999996,4.034986,4.878342,0.061403
49.325001,4.041576,4.884704,0.061398
49.389998999999996,4.048837000000001,4.891692,0.061394000000000004
49.450001,4.055993,4.898569,0.0614
49.514998999999996,4.06353,4.9057900000000005,0.061401
49.575001,4.070277,4.912246,0.061398
49.639998999999996,4.077805000000001,4.919459,0.061398
49.700001,4.084816,4.926182,0.061394000000000004
49.764998999999996,4.092302,4.933364,0.061397
49.825001,4.099105000000001,4.939903,0.061394000000000004
49.889998999999996,4.106612999999999,4.947129,0.061397
49.950001,4.11354,4.953801,0.061397
50.014998999999996,4.120971,4.960918,0.061396000000000006
50.075001,4.127851000000001,4.967536,0.061398
50.139998999999996,4.135355000000001,4.974751,0.061395000000000005
50.200001,4.142279,4.981418,0.0614
50.264998999999996,4.149756,4.988601999999999,0.061398
50.325001,4.156668,4.995265,0.061397
50.389998999999996,4.16412,5.002408999999999,0.061394000000000004
50.450001,4.16909,5.008647,0.06136900000000001
50.514998999999996,4.169016,5.011528,0.061396000000000006
50.575001,4.1688220000000005,5.012002,0.06139
50.639998999999996,4.168634,5.012204,0.061391999999999995
50.700001,4.168512000000001,5.012033,0.061394000000000004
50.764998999999996,4.168122,5.011692,0.06140399999999999
50.825001,4.1679260000000005,5.011521,0.061404999999999994
50.889998999999996,4.168223,5.011456,0.061409000000000005
50.950001,4.168382,5.011367,0.06141
51.014998999999996,4.168372,5.011252,0.061409000000000005
51.075001,4.16855,5.011146,0.061407
51.139998999999996,4.168735,5.011068,0.061405999999999995
51.204997999999996,4.168788,5.010991000000001,0.061412
51.264998999999996,4.168814,5.010896,0.061407
51.329997999999996,4.168836,5.010794000000001,0.06141
51.389998999999996,4.168866,5.010713,0.061408000000000004
51.454997999999996,4.168901,5.010598,0.061409000000000005
51.514998999999996,4.1689050000000005,5.010516,0.061413999999999996
51.579997999999996,4.168895,5.010436,0.061413
51.639998999999996,4.168931,5.010336,0.061413
51.704997999999996,4.168874,5.010251,0.061413
51.764998999999996,4.1687970000000005,5.010182,0.061413999999999996
51.829997999999996,4.168725,5.010102,0.061413999999999996
51.889998999999996,4.168752,5.0098970000000005,0.061412
51.954997999999996,4.168772,5.009563,0.06141
52.014998999999996,4.168735,5.009425,0.061412
52.079997999999996,4.1686879999999995,5.009384,0.061413
52.139998999999996,4.168622,5.009233999999999,0.06141
52.204997999999996,4.168511,5.009161,0.061411
52.264998999999996,4.1684209999999995,5.008997,0.061411
52.329997999999996,4.16832,5.0087,0.061411
52.389998999999996,4.168255,5.005711,0.061388
52.454997999999996,4.167955,4.996064,0.061397
52.514998999999996,4.167655,4.985395,0.061407
52.579997999999996,4.167389,4.974958,0.061396000000000006
52.639998999999996,4.167121,4.965755000000001,0.061396000000000006
52.704997999999996,4.166812999999999,4.955249,0.061396000000000006
52.764998999999996,4.166539,4.945251,0.06139
52.829997999999996,4.166243,4.934601,0.061390999999999994
52.889998999999996,4.165987,4.925544,0.061389
52.954997999999996,4.165682,4.915511,0.061387
53.014998999999996,4.165413,4.905543,0.06138099999999999
53.079997999999996,4.165115,4.894725,0.06138300000000001
53.139998999999996,4.164853,4.885434,0.06139
53.204997999999996,4.164555,4.875525,0.061388
53.264998999999996,4.1642790000000005,4.865736,0.061382000000000006
53.329997999999996,4.163957,4.855029,0.061378999999999996
53.389998999999996,4.1636690000000005,4.84551,0.061388
53.454997999999996,4.163380999999999,4.835491,0.061394000000000004
53.514998999999996,4.163084,4.8259360000000004,0.061386
53.579997999999996,4.162780000000001,4.815193,0.061382000000000006
53.639998999999996,4.162504,4.805572,0.06138
53.704997999999996,4.162205999999999,4.795406,0.06138300000000001
53.764998999999996,4.16193,4.785933,0.061385
53.829997999999996,4.161646,4.7756,0.061384
53.889998999999996,4.161378,4.765880999999999,0.061387
53.954997999999996,4.161077,4.7554,0.061388
54.014998999999996,4.160772,4.745807,0.061385
54.079997999999996,4.160467,4.735627,0.061391999999999995
54.139998999999996,4.160206,4.726187,0.061384
54.204997999999996,4.15991,4.715706,0.061389
54.264998999999996,4.159619999999999,4.706009,0.061392999999999996
54.329997999999996,4.159590000000001,4.697668,0.061386
54.389998999999996,4.159680000000001,4.693614,0.061376
54.454997999999996,4.159679,4.69393,0.061404999999999994
54.514998999999996,4.1596150000000005,4.695119999999999,0.061390999999999994
54.579997999999996,4.159843,4.69491,0.061407
54.639998999999996,4.159979,4.694649,0.0614
54.704997999999996,4.160017,4.69476,0.061404999999999994
54.764998999999996,4.160113,4.694775,0.06140399999999999
54.829997999999996,4.160218,4.694735,0.061404999999999994
54.889998999999996,4.160239,4.694837000000001,0.061411
54.954997999999996,4.160326,4.694891999999999,0.061411
55.014998999999996,4.1604339999999995,4.694884,0.061413
55.079997999999996,4.160605,4.694894000000001,0.061411
55.139998999999996,4.160701,4.694932,0.061411
55.204997999999996,4.160784,4.695001,0.061413999999999996
55.264998999999996,4.160957,4.695024,0.061413
55.329997999999996,4.161116000000001,4.6950650000000005,0.061411
55.389998999999996,4.161179,4.695130000000001,0.061411
55.454997999999996,4.161325,4.695206,0.061409000000000005
55.514998999999996,4.161506,4.695304,0.06141
55.579997999999996,4.161695,4.695391000000001,0.061412
55.639998999999996,4.161837,4.6954910000000005,0.061407
55.704997999999996,4.161971,4.695574,0.061412
55.764998999999996,4.162062000000001,4.69569,0.061415
55.829997999999996,4.162129,4.695817,0.061409000000000005
55.889998999999996,4.162154,4.695888,0.06141
55.954997999999996,4.162178,4.696022,0.061412
56.014998999999996,4.16224,4.696076000000001,0.061408000000000004
56.079997999999996,4.1623220000000005,4.69621,0.061412
56.139998999999996,4.1623980000000005,4.696351,0.061413
56.204997999999996,4.162297,4.696396,0.061413
56.264998999999996,4.162315,4.696517,0.061411
56.329997999999996,4.165545,4.700111,0.061384
56.389998999999996,4.169736,4.706841000000001,0.061372
56.454997999999996,4.169268,4.710656,0.061407
56.514998999999996,4.1691080000000005,4.711215,0.061398
56.579997999999996,4.168982,4.711288,0.0614
56.639998999999996,4.168916,4.711233,0.061395000000000005
56.704997999999996,4.168825,4.711228,0.061392999999999996
56.764998999999996,4.168764,4.711189,0.061392999999999996
56.829997999999996,4.168667,4.711041000000001,0.061407
56.889998999999996,4.168526,4.710827,0.061405999999999995
56.954997999999996,4.1684220000000005,4.7107019999999995,0.061405999999999995
57.014998999999996,4.168468,4.710625,0.06141
57.079997999999996,4.168386,4.710505,0.061413
57.139998999999996,4.168369,4.710426999999999,0.061407
57.204997999999996,4.168636,4.71031,0.06141
57.264998999999996,4.1688,4.710185,0.061411
57.329997999999996,4.169015,4.710113,0.061413
57.389998999999996,4.169219,4.71002,0.061413
57.454997999999996,4.169236,4.709921,0.061403
57.514998999999996,4.169329,4.709748,0.061411
57.579997999999996,4.169296,4.709671,0.061409000000000005
57.639998999999996,4.169281,4.70958,0.06141
57.704997999999996,4.169302,4.709455999999999,0.061409000000000005
57.764998999999996,4.169371,4.709218,0.061412
57.829997999999996,4.16931,4.709093,0.061413
57.889998999999996,4.1692540000000005,4.708953,0.061411
57.954997999999996,4.1692029999999995,4.708794999999999,0.061411
58.014998999999996,4.169148000000001,4.70859,0.061413
58.079997999999996,4.169038,4.708483,0.061409000000000005
58.139998999999996,4.168963,4.708307,0.061412
58.204997999999996,4.168867,4.708073000000001,0.061413
58.264998999999996,4.1694830000000005,4.704964,0.061385
58.329997999999996,4.170684,4.694783,0.0614
58.389998999999996,4.171862,4.684126999999999,0.0614
58.454997999999996,4.172989,4.673883999999999,0.061395000000000005
58.514998999999996,4.174015,4.664729,0.061386
58.579997999999996,4.175182,4.654157,0.061388
58.639998999999996,4.176254,4.644186,0.061386
58.704997999999996,4.177358,4.634044,0.061378999999999996
58.764998999999996,4.17837,4.624804,0.061382000000000006
58.829997999999996,4.179532,4.614438,0.06139
58.889998999999996,4.180573000000001,4.604824,0.061391999999999995
58.954997999999996,4.181697,4.594551999999999,0.061392999999999996
59.014998999999996,4.182732,4.584992,0.061388
59.079997999999996,4.183873,4.574637999999999,0.06139
59.139998999999996,4.1849110000000005,4.565169,0.061398
59.204997999999996,4.186033999999999,4.5549349999999995,0.061387
59.264998999999996,4.1870650000000005,4.545392,0.061389
59.329997999999996,4.188223000000001,4.535028,0.061387
59.389998999999996,4.18926,4.5255849999999995,0.061389
59.454997999999996,4.1904010000000005,4.515282,0.061387
59.514998999999996,4.191451,4.505683,0.06139
59.579997999999996,4.192556,4.495379,0.061385
59.639998999999996,4.193598000000001,4.4858519999999995,0.061386
59.704997999999996,4.194719,4.475559,0.061389
59.764998999999996,4.195757,4.466179,0.061384
59.829997999999996,4.196901,4.455830000000001,0.06139
59.889998999999996,4.19795,4.446152,0.061391999999999995
59.954997999999996,4.199069000000001,4.435875,0.061392999999999996
60.014998999999996,4.200096,4.426569000000001,0.061390999999999994
