,Vehicle_ID,Frame_ID,Total_Frames,Global_Time,Local_X,Local_Y,Global_X,Global_Y,v_Length,v_Width,v_Class,v_Vel,v_Acc,Lane_ID,Preceeding,Following,Space_Hdwy,Time_Hdwy
639830,1852,5259,504,1118847504800,39.92,34.996,6451119.937000001,1873329.574,11.0,4.5,2,29.94,0.0,4,1847,0,32.21,1.08
639831,1852,5260,504,1118847504900,39.904,37.996,6451121.954,1873327.3530000001,11.0,4.5,2,29.94,0.0,4,1847,0,32.09,1.07
639832,1852,5261,504,1118847505000,39.89,40.996,6451123.97,1873325.131,11.0,4.5,2,29.94,0.0,4,1847,0,32.0,1.07
639833,1852,5262,504,1118847505100,39.874,43.996,6451125.987000001,1873322.91,11.0,4.5,2,29.94,0.0,4,1847,0,31.89,1.07
639834,1852,5263,504,1118847505200,39.858000000000004,46.996,6451128.003,1873320.689,11.0,4.5,2,29.94,0.0,4,1847,0,31.7,1.06
639835,1852,5264,504,1118847505300,39.842,50.012,6451130.02,1873318.468,11.0,4.5,2,29.94,-1.5,4,1847,0,31.38,1.05
639836,1852,5265,504,1118847505400,39.828,53.016999999999996,6451132.056,1873316.2240000002,11.0,4.5,2,29.64,-4.28,4,1847,0,30.98,1.05
639837,1852,5266,504,1118847505500,39.825,55.98,6451134.036,1873314.024,11.0,4.5,2,29.09,-7.13,4,1847,0,30.63,1.05
639838,1852,5267,504,1118847505600,39.81,58.861999999999995,6451135.97,1873311.894,11.0,4.5,2,28.32,-8.4,4,1847,0,30.3,1.07
639839,1852,5268,504,1118847505700,39.798,61.644,6451137.851,1873309.8190000001,11.0,4.5,2,27.58,-7.03,4,1847,0,29.97,1.09
639840,1852,5269,504,1118847505800,39.769,64.347,6451139.664,1873307.844,11.0,4.5,2,27.04,-4.01,4,1847,0,29.73,1.1
639841,1852,5270,504,1118847505900,39.755,67.013,6451141.446,1873305.881,11.0,4.5,2,26.75,-1.36,4,1847,0,29.67,1.11
639842,1852,5271,504,1118847506000,39.742,69.68,6451143.247,1873303.896,11.0,4.5,2,26.57,-1.47,4,1847,0,29.74,1.12
639843,1852,5272,504,1118847506100,39.728,72.347,6451145.041,1873301.92,11.0,4.5,2,26.29,-4.07,4,1847,0,29.93,1.14
639844,1852,5273,504,1118847506200,39.727,74.96600000000001,6451146.807,1873299.956,11.0,4.5,2,25.83,-5.59,4,1847,0,30.11,1.17
639845,1852,5274,504,1118847506300,39.701,77.514,6451148.524,1873298.084,11.0,4.5,2,25.37,-4.31,4,1847,0,30.38,1.2
639846,1852,5275,504,1118847506400,39.689,80.012,6451150.183999999,1873296.255,11.0,4.5,2,25.07,-1.64,4,1847,0,30.68,1.22
639847,1852,5276,504,1118847506500,39.676,82.499,6451151.864,1873294.404,11.0,4.5,2,24.95,-0.12,4,1847,0,30.95,1.24
639848,1852,5277,504,1118847506600,39.663000000000004,85.005,6451153.545,1873292.553,11.0,4.5,2,24.82,-1.93,4,1847,0,31.15,1.26
639849,1852,5278,504,1118847506700,39.65,87.506,6451155.225,1873290.7019999998,11.0,4.5,2,24.39,-6.25,4,1847,0,31.32,1.28
639850,1852,5279,504,1118847506800,39.638000000000005,89.90299999999999,6451156.885,1873288.8730000001,11.0,4.5,2,23.93,-4.74,4,1847,0,31.6,1.32
639851,1852,5280,504,1118847506900,39.61,92.211,6451158.602000001,1873287.001,11.0,4.5,2,24.1,5.59,4,1847,0,32.01,1.33
639852,1852,5281,504,1118847507000,39.641,94.62700000000001,6451160.366,1873285.0590000001,11.0,4.5,2,24.98,11.2,4,1847,1856,32.33,1.29
639853,1852,5282,504,1118847507100,39.687,97.17299999999999,6451162.181,1873283.04,11.0,4.5,2,26.12,11.2,4,1847,1856,32.53,1.25
639854,1852,5283,504,1118847507200,39.722,99.898,6451164.065,1873280.9640000002,11.0,4.5,2,26.88,2.32,4,1847,1856,32.6,1.21
639855,1852,5284,504,1118847507300,39.754,102.631,6451165.878,1873278.967,11.0,4.5,2,27.05,-1.34,4,1847,1856,32.74,1.21
639856,1852,5285,504,1118847507400,39.78,105.302,6451167.647000001,1873277.0269999998,11.0,4.5,2,27.16,3.23,4,1847,1856,33.03,1.22
639857,1852,5286,504,1118847507500,39.811,108.009,6451169.466,1873275.0259999998,11.0,4.5,2,27.61,6.64,4,1847,1856,33.33,1.21
639858,1852,5287,504,1118847507600,39.867,110.81200000000001,6451171.341,1873272.929,11.0,4.5,2,28.13,4.79,4,1847,1856,33.54,1.19
639859,1852,5288,504,1118847507700,39.915,113.677,6451173.274,1873270.781,11.0,4.5,2,28.39,0.39,4,1847,1856,33.68,1.19
639860,1852,5289,504,1118847507800,39.846,116.537,6451175.278,1873268.727,11.0,4.5,2,28.34,-2.2,4,1847,1856,33.82,1.19
639861,1852,5290,504,1118847507900,39.686,119.36,6451177.301,1873266.7869999998,11.0,4.5,2,28.16,-1.88,4,1847,1856,33.99,1.21
639862,1852,5291,504,1118847508000,39.501999999999995,122.156,6451179.339,1873264.8669999999,11.0,4.5,2,28.03,-0.44,4,1847,1856,34.2,1.22
639863,1852,5292,504,1118847508100,39.336,124.95200000000001,6451181.369,1873262.928,11.0,4.5,2,28.01,0.17,4,1847,1856,34.43,1.23
639864,1852,5293,504,1118847508200,39.17,127.75299999999999,6451183.4,1873260.989,11.0,4.5,2,28.03,0.18,4,1847,1856,34.6,1.23
639865,1852,5294,504,1118847508300,39.003,130.558,6451185.43,1873259.051,11.0,4.5,2,28.03,0.0,4,1847,1856,34.63,1.24
639866,1852,5295,504,1118847508400,38.838,133.368,6451187.46,1873257.112,11.0,4.5,2,27.97,-0.93,4,1847,1856,34.6,1.24
639867,1852,5296,504,1118847508500,38.667,136.165,6451189.503,1873255.167,11.0,4.5,2,27.84,-1.78,4,1847,1856,34.64,1.24
639868,1852,5297,504,1118847508600,38.494,138.934,6451191.521000001,1873253.251,11.0,4.5,2,27.76,-0.6,4,1847,1856,34.84,1.25
639869,1852,5298,504,1118847508700,38.354,141.683,6451193.482999999,1873251.3480000002,11.0,4.5,2,27.91,3.25,4,1847,1856,35.12,1.26
639870,1852,5299,504,1118847508800,38.283,144.464,6451195.419,1873249.37,11.0,4.5,2,28.41,7.14,4,1847,1856,35.32,1.24
639871,1852,5300,504,1118847508900,38.285,147.336,6451197.371,1873247.269,11.0,4.5,2,29.1,7.49,4,1847,1856,35.45,1.22
639872,1852,5301,504,1118847509000,38.327,150.30100000000002,6451199.375,1873245.053,11.0,4.5,2,29.67,4.47,4,1847,1856,35.52,1.2
639873,1852,5302,504,1118847509100,38.371,153.314,6451201.404,1873242.8080000002,11.0,4.5,2,29.97,1.13,4,1847,1856,35.62,1.19
639874,1852,5303,504,1118847509200,38.407,156.329,6451203.42,1873240.5869999998,11.0,4.5,2,30.04,-0.33,4,1847,1856,35.82,1.19
639875,1852,5304,504,1118847509300,38.443000000000005,159.362,6451205.437000001,1873238.366,11.0,4.5,2,29.72,-4.95,4,1847,1856,36.08,1.21
639876,1852,5305,504,1118847509400,38.48,162.33,6451207.453,1873236.145,11.0,4.5,2,29.02,-8.86,4,1847,1856,36.46,1.26
639877,1852,5306,504,1118847509500,38.516999999999996,165.16400000000002,6451209.469,1873233.9230000002,11.0,4.5,2,28.54,-4.28,4,1847,1856,36.99,1.3
639878,1852,5307,504,1118847509600,38.562,167.947,6451211.4860000005,1873231.7019999998,11.0,4.5,2,28.53,4.23,4,1847,1856,37.57,1.32
639879,1852,5308,504,1118847509700,38.641,170.78,6451213.502,1873229.481,11.0,4.5,2,29.02,8.86,4,1847,1856,38.1,1.31
639880,1852,5309,504,1118847509800,38.719,173.748,6451215.518999999,1873227.26,11.0,4.5,2,29.7,4.74,4,1847,1856,38.5,1.3
639881,1852,5310,504,1118847509900,38.799,176.78,6451217.535,1873225.0380000002,11.0,4.5,2,29.99,0.0,4,1847,1856,38.81,1.29
639882,1852,5311,504,1118847510000,38.876999999999995,179.77900000000002,6451219.552,1873222.8169999998,11.0,4.5,2,29.99,0.0,4,1847,1856,39.07,1.3
639883,1852,5312,504,1118847510100,38.955999999999996,182.77700000000002,6451221.568,1873220.596,11.0,4.5,2,29.99,0.0,4,1847,1856,39.25,1.31
639884,1852,5313,504,1118847510200,39.035,185.77599999999998,6451223.585,1873218.375,11.0,4.5,2,29.99,0.0,4,1847,1856,39.47,1.32
639885,1852,5314,504,1118847510300,39.114000000000004,188.775,6451225.601,1873216.1530000002,11.0,4.5,2,29.99,0.0,4,1847,1856,39.55,1.32
639886,1852,5315,504,1118847510400,39.193000000000005,191.774,6451227.617000001,1873213.9319999998,11.0,4.5,2,29.99,0.0,4,1847,1856,39.49,1.32
639887,1852,5316,504,1118847510500,39.272,194.775,6451229.634,1873211.711,11.0,4.5,2,29.97,-0.25,4,1847,1856,39.26,1.31
639888,1852,5317,504,1118847510600,39.351,197.77,6451231.65,1873209.49,11.0,4.5,2,29.96,-0.19,4,1847,1856,39.28,1.31
639889,1852,5318,504,1118847510700,39.43,200.752,6451233.667,1873207.2680000002,11.0,4.5,2,30.07,1.87,4,1847,1856,39.41,1.31
639890,1852,5319,504,1118847510800,39.508,203.74099999999999,6451235.663,1873205.0690000001,11.0,4.5,2,30.49,6.16,4,1847,1856,39.77,1.3
639891,1852,5320,504,1118847510900,39.55,206.79,6451237.73,1873202.8490000002,11.0,4.5,2,31.32,10.7,4,1847,1856,40.11,1.28
639892,1852,5321,504,1118847511000,39.618,209.977,6451239.878,1873200.505,11.0,4.5,2,32.45,11.2,4,1847,1856,40.36,1.24
639893,1852,5322,504,1118847511100,39.723,213.28,6451242.094,1873198.0380000002,11.0,4.5,2,33.66,11.2,4,1847,1856,40.55,1.2
639894,1852,5323,504,1118847511200,39.858000000000004,216.71200000000002,6451244.382999999,1873195.451,11.0,4.5,2,34.72,9.59,4,1847,1856,40.61,1.17
639895,1852,5324,504,1118847511300,39.961,220.243,6451246.75,1873192.8290000001,11.0,4.5,2,35.62,8.06,4,1847,1856,40.57,1.14
639896,1852,5325,504,1118847511400,40.016999999999996,223.933,6451249.198,1873190.19,11.0,4.5,2,35.64,-4.73,4,1847,1856,40.43,1.13
639897,1852,5326,504,1118847511500,40.054,227.47099999999998,6451251.715,1873187.506,11.0,4.5,2,34.5,-11.2,4,1847,1856,40.54,1.17
639898,1852,5327,504,1118847511600,40.058,230.86599999999999,6451254.307,1873184.791,11.0,4.5,2,33.58,-9.19,4,1847,1856,40.92,1.22
639899,1852,5328,504,1118847511700,40.018,234.065,6451256.998,1873182.073,11.0,4.5,2,33.75,11.2,4,1847,1856,41.59,1.23
639900,1852,5329,504,1118847511800,40.116,237.537,6451259.663,1873179.36,11.0,4.5,2,35.1,11.2,4,1847,1856,42.01,1.2
639901,1852,5330,504,1118847511900,40.215,241.105,6451262.328,1873176.6469999999,11.0,4.5,2,37.0,11.2,4,1847,1856,42.3,1.14
639902,1852,5331,504,1118847512000,40.313,244.942,6451264.993,1873173.935,11.0,4.5,2,37.94,1.36,4,1847,1856,42.28,1.11
639903,1852,5332,504,1118847512100,40.411,248.76,6451267.659,1873171.2219999998,11.0,4.5,2,37.97,-0.93,4,1847,1856,42.32,1.11
639904,1852,5333,504,1118847512200,40.509,252.55599999999998,6451270.335,1873168.5,11.0,4.5,2,37.85,-1.66,4,1847,1856,42.41,1.12
639905,1852,5334,504,1118847512300,40.598,256.324,6451272.988,1873165.811,11.0,4.5,2,37.79,-0.24,4,1847,1856,42.52,1.13
639906,1852,5335,504,1118847512400,40.717,260.08,6451275.587,1873163.134,11.0,4.5,2,37.95,3.25,4,1847,1856,42.6,1.12
639907,1852,5336,504,1118847512500,40.858000000000004,263.869,6451278.208,1873160.405,11.0,4.5,2,38.4,6.37,4,1847,1856,42.61,1.11
639908,1852,5337,504,1118847512600,40.988,267.74,6451280.908,1873157.615,11.0,4.5,2,39.01,6.33,4,1847,1856,42.6,1.09
639909,1852,5338,504,1118847512700,41.11600000000001,271.694,6451283.658,1873154.779,11.0,4.5,2,39.45,2.97,4,1847,1856,42.6,1.08
639910,1852,5339,504,1118847512800,41.19,275.68,6451286.49,1873151.938,11.0,4.5,2,39.55,-1.07,4,1847,1856,42.61,1.08
639911,1852,5340,504,1118847512900,41.188,279.644,6451289.345,1873149.1819999998,11.0,4.5,2,39.38,-3.02,4,1847,1856,42.66,1.08
639912,1852,5341,504,1118847513000,41.108000000000004,283.558,6451292.207,1873146.5269999998,11.0,4.5,2,39.2,-1.34,4,1847,1856,42.75,1.09
639913,1852,5342,504,1118847513100,40.994,287.452,6451295.076,1873143.9130000002,11.0,4.5,2,39.2,1.62,4,1847,1856,42.86,1.09
639914,1852,5343,504,1118847513200,40.913000000000004,291.38,6451297.938999999,1873141.2580000001,11.0,4.5,2,39.3,1.42,4,1847,1856,42.93,1.09
639915,1852,5344,504,1118847513300,40.924,295.344,6451300.806,1873138.4719999998,11.0,4.5,2,39.19,-3.0,4,1847,1856,42.96,1.1
639916,1852,5345,504,1118847513400,41.02,299.283,6451303.584,1873135.6530000002,11.0,4.5,2,38.65,-8.26,4,1847,1856,43.08,1.11
639917,1852,5346,504,1118847513500,41.053999999999995,303.118,6451306.321,1873132.961,11.0,4.5,2,37.82,-9.42,4,1847,1856,43.14,1.14
639918,1852,5347,504,1118847513600,41.04600000000001,306.829,6451308.981000001,1873130.4009999998,11.0,4.5,2,37.11,-5.56,4,1847,1856,43.19,1.16
639919,1852,5348,504,1118847513700,40.955,310.47900000000004,6451311.655,1873127.9430000002,11.0,4.5,2,36.78,-0.63,4,1847,1856,43.14,1.17
639920,1852,5349,504,1118847513800,40.811,314.13599999999997,6451314.384,1873125.506,11.0,4.5,2,36.79,1.67,4,1847,1856,43.31,1.18
639921,1852,5350,504,1118847513900,40.637,317.825,6451317.176,1873123.049,11.0,4.5,2,36.92,1.21,4,1847,1856,43.6,1.18
639922,1852,5351,504,1118847514000,40.478,321.531,6451319.947000001,1873120.592,11.0,4.5,2,37.0,0.13,4,1847,1856,44.07,1.19
639923,1852,5352,504,1118847514100,40.32,325.23400000000004,6451322.717,1873118.135,11.0,4.5,2,37.01,-0.08,4,1847,1856,44.72,1.21
639924,1852,5353,504,1118847514200,40.161,328.935,6451325.488,1873115.678,11.0,4.5,2,37.0,-0.1,4,1847,1856,45.52,1.23
639925,1852,5354,504,1118847514300,40.003,332.63800000000003,6451328.257999999,1873113.221,11.0,4.5,2,36.95,-0.72,4,1847,1856,46.42,1.26
639926,1852,5355,504,1118847514400,39.842,336.32800000000003,6451331.036,1873110.76,11.0,4.5,2,36.9,-0.58,4,1847,1856,47.35,1.28
639927,1852,5356,504,1118847514500,39.676,340.006,6451333.793,1873108.325,11.0,4.5,2,36.95,1.06,4,1847,1856,48.27,1.31
639928,1852,5357,504,1118847514600,39.529,343.73199999999997,6451336.525,1873105.889,11.0,4.5,2,36.78,-2.79,4,1847,1856,49.14,1.34
639929,1852,5358,504,1118847514700,39.426,347.402,6451339.2870000005,1873103.3630000001,11.0,4.5,2,36.38,-5.07,4,1847,1856,50.09,1.38
639930,1852,5359,504,1118847514800,39.374,350.963,6451342.098999999,1873100.706,11.0,4.5,2,36.59,4.26,4,1847,1856,51.14,1.4
639931,1852,5360,504,1118847514900,39.458,354.635,6451344.958,1873097.956,11.0,4.5,2,37.61,11.2,4,1847,1856,51.99,1.38
639932,1852,5361,504,1118847515000,39.546,358.48199999999997,6451347.882999999,1873095.1409999998,11.0,4.5,2,39.22,11.2,4,1847,1856,52.51,1.34
639933,1852,5362,504,1118847515100,39.65,362.45300000000003,6451350.853999999,1873092.2619999999,11.0,4.5,2,40.83,11.2,4,1847,1856,52.8,1.29
639934,1852,5363,504,1118847515200,39.739000000000004,366.654,6451353.857999999,1873089.372,11.0,4.5,2,41.69,3.48,4,1847,1856,52.68,1.26
639935,1852,5364,504,1118847515300,39.829,370.82599999999996,6451356.848999999,1873086.494,11.0,4.5,2,42.18,5.83,4,1847,1856,52.55,1.25
639936,1852,5365,504,1118847515400,39.881,375.05199999999996,6451359.915,1873083.5969999998,11.0,4.5,2,42.9,8.95,4,1847,1856,52.42,1.22
639937,1852,5366,504,1118847515500,39.97,379.384,6451363.032000001,1873080.6030000001,11.0,4.5,2,43.77,9.14,4,1847,1856,52.29,1.19
639938,1852,5367,504,1118847515600,40.106,383.82599999999996,6451366.217999999,1873077.4819999998,11.0,4.5,2,44.49,5.88,4,1847,1856,52.14,1.17
639939,1852,5368,504,1118847515700,40.203,388.33099999999996,6451369.482000001,1873074.342,11.0,4.5,2,44.9,1.99,4,1847,1856,51.98,1.16
639940,1852,5369,504,1118847515800,40.3,392.847,6451372.725,1873071.2219999998,11.0,4.5,2,45.02,-0.11,4,1847,1856,51.83,1.15
639941,1852,5370,504,1118847515900,40.397,397.348,6451375.967999999,1873068.102,11.0,4.5,2,45.02,0.0,4,1847,1856,51.69,1.15
639942,1852,5371,504,1118847516000,40.492,401.85,6451379.211,1873064.983,11.0,4.5,2,45.02,0.09,4,1847,1856,51.56,1.15
639943,1852,5372,504,1118847516100,40.588,406.36400000000003,6451382.455,1873061.8630000001,11.0,4.5,2,44.92,-1.69,4,1847,1856,51.42,1.14
639944,1852,5373,504,1118847516200,40.685,410.865,6451385.719,1873058.7230000002,11.0,4.5,2,44.6,-4.52,4,1847,1856,51.19,1.15
639945,1852,5374,504,1118847516300,40.796,415.31,6451388.92,1873055.6230000001,11.0,4.5,2,44.13,-5.59,4,1847,1856,50.88,1.15
639946,1852,5375,504,1118847516400,40.874,419.67800000000005,6451392.075,1873052.6090000002,11.0,4.5,2,43.76,-2.61,4,1847,1856,50.49,1.15
639947,1852,5376,504,1118847516500,40.967,424.00699999999995,6451395.175,1873049.626,11.0,4.5,2,43.76,2.61,4,1847,1856,50.06,1.14
639948,1852,5377,504,1118847516600,41.045,428.375,6451398.33,1873046.612,11.0,4.5,2,44.13,5.59,4,1847,1856,49.67,1.13
639949,1852,5378,504,1118847516700,41.155,432.82,6451401.531,1873043.5119999999,11.0,4.5,2,44.6,4.52,4,1847,1856,49.38,1.11
639950,1852,5379,504,1118847516800,41.251999999999995,437.32099999999997,6451404.795,1873040.372,11.0,4.5,2,44.92,1.7,4,1847,1856,48.96,1.09
639951,1852,5380,504,1118847516900,41.348,441.835,6451408.039,1873037.2519999999,11.0,4.5,2,45.02,-0.08,4,1847,1856,48.36,1.07
639952,1852,5381,504,1118847517000,41.445,446.339,6451411.282000001,1873034.132,11.0,4.5,2,45.01,-0.28,4,1847,1856,47.61,1.06
639953,1852,5382,504,1118847517100,41.541000000000004,450.836,6451414.525,1873031.0119999999,11.0,4.5,2,44.99,-0.02,4,1847,1856,47.01,1.04
639954,1852,5383,504,1118847517200,41.637,455.335,6451417.767999999,1873027.8930000002,11.0,4.5,2,44.99,0.0,4,1847,1856,46.55,1.03
639955,1852,5384,504,1118847517300,41.733999999999995,459.834,6451421.011,1873024.773,11.0,4.5,2,44.99,0.04,4,1847,1856,46.26,1.03
639956,1852,5385,504,1118847517400,41.83,464.334,6451424.254,1873021.6530000002,11.0,4.5,2,44.99,-0.03,4,1847,1856,45.89,1.02
639957,1852,5386,504,1118847517500,41.926,468.833,6451427.497,1873018.534,11.0,4.5,2,44.98,-0.18,4,1847,1856,45.44,1.01
639958,1852,5387,504,1118847517600,42.016000000000005,473.327,6451430.747,1873015.416,11.0,4.5,2,44.99,0.3,4,1847,1856,44.94,1.0
639959,1852,5388,504,1118847517700,42.135,477.82099999999997,6451433.966,1873012.2880000002,11.0,4.5,2,45.09,1.47,4,1847,1856,44.43,0.99
639960,1852,5389,504,1118847517800,42.248000000000005,482.36699999999996,6451437.197000001,1873009.157,11.0,4.5,2,44.94,-2.94,4,1847,1856,43.88,0.98
639961,1852,5390,504,1118847517900,42.273,486.86699999999996,6451440.527000001,1873006.054,11.0,4.5,2,44.43,-7.07,4,1847,1856,43.38,0.98
639962,1852,5391,504,1118847518000,42.224,491.24699999999996,6451443.919,1873002.995,11.0,4.5,2,44.19,-1.74,4,1847,1856,42.99,0.97
639963,1852,5392,504,1118847518100,42.133,495.606,6451447.384,1872999.976,11.0,4.5,2,44.47,7.42,4,1847,1856,42.62,0.96
639964,1852,5393,504,1118847518200,42.007,500.05300000000005,6451450.937999999,1872996.966,11.0,4.5,2,45.21,11.2,4,1847,1856,42.16,0.93
639965,1852,5394,504,1118847518300,41.903,504.662,6451454.469,1872993.948,11.0,4.5,2,46.09,5.7,4,1847,1856,41.59,0.9
639966,1852,5395,504,1118847518400,41.8,509.346,6451457.999,1872990.93,11.0,4.5,2,46.44,-0.11,4,1847,1856,41.04,0.88
639967,1852,5396,504,1118847518500,41.695,513.987,6451461.53,1872987.9130000002,11.0,4.5,2,46.45,0.24,4,1847,1856,40.64,0.88
639968,1852,5397,504,1118847518600,41.591,518.637,6451465.06,1872984.895,11.0,4.5,2,46.44,-0.24,4,1847,1856,40.29,0.87
639969,1852,5398,504,1118847518700,41.486999999999995,523.294,6451468.59,1872981.8769999999,11.0,4.5,2,46.27,-2.62,4,1847,1856,39.94,0.86
639970,1852,5399,504,1118847518800,41.379,527.927,6451472.145,1872978.843,11.0,4.5,2,45.86,-5.63,4,1847,1856,39.61,0.86
639971,1852,5400,504,1118847518900,41.318000000000005,532.497,6451475.587,1872975.8469999998,11.0,4.5,2,45.26,-7.13,4,1847,1856,39.36,0.87
639972,1852,5401,504,1118847519000,41.257,536.976,6451478.956,1872972.915,11.0,4.5,2,44.67,-5.21,4,1847,1856,39.2,0.88
639973,1852,5402,504,1118847519100,41.245,541.386,6451482.262,1872969.975,11.0,4.5,2,44.39,-0.64,4,1847,1856,39.02,0.88
639974,1852,5403,504,1118847519200,41.364,545.799,6451485.442000001,1872966.971,11.0,4.5,2,44.47,2.73,4,1847,1856,38.73,0.87
639975,1852,5404,504,1118847519300,41.513999999999996,550.259,6451488.67,1872963.8830000001,11.0,4.5,2,44.68,2.46,4,1847,1856,38.35,0.86
639976,1852,5405,504,1118847519400,41.65,554.756,6451491.962,1872960.757,11.0,4.5,2,44.77,-0.38,4,1847,1856,37.97,0.85
639977,1852,5406,504,1118847519500,41.723,559.248,6451495.257,1872957.7119999998,11.0,4.5,2,44.67,-2.54,4,1847,1856,37.62,0.84
639978,1852,5407,504,1118847519600,41.722,563.7080000000001,6451498.56,1872954.759,11.0,4.5,2,44.38,-3.17,4,1847,1856,37.28,0.84
639979,1852,5408,504,1118847519700,41.707,568.139,6451501.879,1872951.811,11.0,4.5,2,43.95,-4.74,4,1847,1856,36.95,0.84
639980,1852,5409,504,1118847519800,41.735,572.534,6451505.143999999,1872948.854,11.0,4.5,2,43.29,-8.36,4,1847,1856,36.73,0.85
639981,1852,5410,504,1118847519900,41.776,576.839,6451508.334,1872945.946,11.0,4.5,2,42.31,-11.2,4,1847,1856,36.75,0.87
639982,1852,5411,504,1118847520000,41.761,581.011,6451511.464,1872943.167,11.0,4.5,2,41.26,-10.49,4,1847,1856,36.97,0.9
639983,1852,5412,504,1118847520100,41.677,585.047,6451514.517999999,1872940.5480000002,11.0,4.5,2,40.55,-4.58,4,1847,1856,37.36,0.92
639984,1852,5413,504,1118847520200,41.608000000000004,589.031,6451517.502,1872937.9730000002,11.0,4.5,2,40.44,2.64,4,1847,1856,37.7,0.93
639985,1852,5414,504,1118847520300,41.528,593.055,6451520.571,1872935.335,11.0,4.5,2,40.88,7.11,4,1847,1856,37.88,0.93
639986,1852,5415,504,1118847520400,41.464,597.178,6451523.687000001,1872932.634,11.0,4.5,2,41.54,6.83,4,1847,1856,37.93,0.91
639987,1852,5416,504,1118847520500,41.416000000000004,601.382,6451526.855,1872929.866,11.0,4.5,2,42.1,4.4,4,1847,1856,37.94,0.9
639988,1852,5417,504,1118847520600,41.349,605.623,6451530.085,1872927.0659999999,11.0,4.5,2,42.5,3.13,4,1847,1856,38.02,0.89
639989,1852,5418,504,1118847520700,41.284,609.8919999999999,6451533.278,1872924.2980000002,11.0,4.5,2,42.81,2.79,4,1847,1856,38.1,0.89
639990,1852,5419,504,1118847520800,41.218,614.187,6451536.529,1872921.48,11.0,4.5,2,43.05,2.64,4,1847,1856,38.11,0.89
639991,1852,5420,504,1118847520900,41.151,618.511,6451539.815,1872918.631,11.0,4.5,2,43.28,1.79,4,1847,1856,38.05,0.88
639992,1852,5421,504,1118847521000,41.083999999999996,622.882,6451543.079,1872915.802,11.0,4.5,2,43.17,-3.17,4,1847,1856,37.91,0.88
639993,1852,5422,504,1118847521100,41.015,627.211,6451546.375,1872912.946,11.0,4.5,2,42.6,-7.98,4,1847,1856,37.79,0.89
639994,1852,5423,504,1118847521200,40.948,631.43,6451549.661,1872910.0969999998,11.0,4.5,2,41.96,-7.16,4,1847,1856,37.74,0.9
639995,1852,5424,504,1118847521300,40.92,635.567,6451552.882999999,1872907.2859999998,11.0,4.5,2,41.49,-2.62,4,1847,1856,37.75,0.91
639996,1852,5425,504,1118847521400,40.88,639.6669999999999,6451556.084,1872904.529,11.0,4.5,2,41.36,1.84,4,1847,1856,37.8,0.91
639997,1852,5426,504,1118847521500,40.854,643.81,6451559.22,1872901.81,11.0,4.5,2,41.54,1.62,4,1847,1856,37.83,0.91
639998,1852,5427,504,1118847521600,40.828,647.985,6451562.347999999,1872899.0990000002,11.0,4.5,2,41.66,0.31,4,1847,1856,37.87,0.91
639999,1852,5428,504,1118847521700,40.801,652.15,6451565.507,1872896.361,11.0,4.5,2,41.67,0.33,4,1847,1856,37.99,0.91
640000,1852,5429,504,1118847521800,40.775,656.332,6451568.665,1872893.6230000001,11.0,4.5,2,41.59,-1.64,4,1847,1856,38.14,0.92
640001,1852,5430,504,1118847521900,40.75,660.5,6451571.815,1872890.892,11.0,4.5,2,41.3,-4.25,4,1847,1856,38.32,0.93
640002,1852,5431,504,1118847522000,40.74,664.618,6451574.927999999,1872888.1719999998,11.0,4.5,2,40.81,-5.72,4,1847,1856,38.54,0.94
640003,1852,5432,504,1118847522100,40.696999999999996,668.663,6451577.997,1872885.534,11.0,4.5,2,40.35,-4.32,4,1847,1856,38.83,0.96
640004,1852,5433,504,1118847522200,40.673,672.65,6451580.997,1872882.9330000002,11.0,4.5,2,40.15,-0.1,4,1847,1856,39.17,0.98
640005,1852,5434,504,1118847522300,40.648,676.633,6451583.997,1872880.332,11.0,4.5,2,40.34,4.39,4,1847,1856,39.52,0.98
640006,1852,5435,504,1118847522400,40.606,680.668,6451587.066000001,1872877.6940000001,11.0,4.5,2,40.91,7.3,4,1847,1856,39.81,0.97
640007,1852,5436,504,1118847522500,40.579,684.7919999999999,6451590.182,1872874.994,11.0,4.5,2,41.65,7.86,4,1847,1856,40.01,0.96
640008,1852,5437,504,1118847522600,40.551,689.003,6451593.356000001,1872872.245,11.0,4.5,2,42.37,6.77,4,1847,1856,40.18,0.95
640009,1852,5438,504,1118847522700,40.536,693.2689999999999,6451596.607999999,1872869.41,11.0,4.5,2,43.1,7.3,4,1847,1856,40.37,0.94
640010,1852,5439,504,1118847522800,40.515,697.5939999999999,6451599.857000001,1872866.585,11.0,4.5,2,44.07,11.05,4,1847,1856,40.54,0.92
640011,1852,5440,504,1118847522900,40.461999999999996,702.08,6451603.182999999,1872863.735,11.0,4.5,2,45.42,11.2,4,1847,1856,40.57,0.89
640012,1852,5441,504,1118847523000,40.458,706.7189999999999,6451606.667,1872860.6819999998,11.0,4.5,2,47.19,11.2,4,1847,1856,40.44,0.86
640013,1852,5442,504,1118847523100,40.45,711.53,6451610.2870000005,1872857.515,11.0,4.5,2,49.09,11.2,4,1847,1856,40.12,0.82
640014,1852,5443,504,1118847523200,40.475,716.502,6451614.046,1872854.1809999999,11.0,4.5,2,50.61,11.2,4,1847,1856,39.65,0.78
640015,1852,5444,504,1118847523300,40.474000000000004,721.653,6451617.977999999,1872850.73,11.0,4.5,2,51.56,6.0,4,1847,1856,39.0,0.76
640016,1852,5445,504,1118847523400,40.441,726.8760000000001,6451621.908,1872847.324,11.0,4.5,2,51.96,1.0,4,1847,1856,38.28,0.74
640017,1852,5446,504,1118847523500,40.408,732.085,6451625.837,1872843.918,11.0,4.5,2,52.04,0.08,4,1847,1856,37.57,0.72
640018,1852,5447,504,1118847523600,40.376,737.302,6451629.766,1872840.5119999999,11.0,4.5,2,51.92,-1.71,4,1847,1856,36.85,0.71
640019,1852,5448,504,1118847523700,40.343,742.5319999999999,6451633.695,1872837.106,11.0,4.5,2,51.31,-9.03,4,1847,1856,36.12,0.7
640020,1852,5449,504,1118847523800,40.363,747.5939999999999,6451637.622,1872833.632,11.0,4.5,2,49.93,-11.2,4,1847,1856,35.59,0.71
640021,1852,5450,504,1118847523900,40.327,752.46,6451641.345,1872830.4119999998,11.0,4.5,2,47.74,-11.2,4,1847,1856,35.28,0.74
640022,1852,5451,504,1118847524000,40.274,757.0980000000001,6451644.866,1872827.3909999998,11.0,4.5,2,45.07,-11.2,4,1847,1856,35.24,0.78
640023,1852,5452,504,1118847524100,40.223,761.4939999999999,6451648.187999999,1872824.542,11.0,4.5,2,42.62,-11.2,4,1847,1856,35.46,0.83
640024,1852,5453,504,1118847524200,40.086,765.697,6451651.323,1872821.9719999998,11.0,4.5,2,40.94,-11.2,4,1847,1856,35.9,0.88
640025,1852,5454,504,1118847524300,40.055,769.678,6451654.277000001,1872819.42,11.0,4.5,2,40.11,-2.98,4,1847,1856,36.57,0.91
640026,1852,5455,504,1118847524400,40.036,773.6360000000001,6451657.315,1872816.7780000002,11.0,4.5,2,39.99,1.91,4,1847,1856,37.25,0.93
640027,1852,5456,504,1118847524500,40.009,777.638,6451660.331,1872814.166,11.0,4.5,2,40.23,2.71,4,1847,1856,37.81,0.94
640028,1852,5457,504,1118847524600,39.983000000000004,781.67,6451663.352999999,1872811.5459999999,11.0,4.5,2,40.55,3.54,4,1847,1856,38.22,0.94
640029,1852,5458,504,1118847524700,39.963,785.738,6451666.409,1872808.885,11.0,4.5,2,40.92,4.21,4,1847,1856,38.47,0.94
640030,1852,5459,504,1118847524800,39.96,789.8580000000001,6451669.507,1872806.1630000002,11.0,4.5,2,41.27,3.1,4,1847,1856,38.62,0.94
640031,1852,5460,504,1118847524900,39.958,794.013,6451672.6389999995,1872803.4109999998,11.0,4.5,2,41.48,1.18,4,1847,1856,38.8,0.94
640032,1852,5461,504,1118847525000,39.94,798.176,6451675.777000001,1872800.675,11.0,4.5,2,41.57,0.06,4,1847,1856,39.02,0.94
640033,1852,5462,504,1118847525100,39.912,802.332,6451678.908,1872797.957,11.0,4.5,2,41.6,0.35,4,1847,1856,39.2,0.94
640034,1852,5463,504,1118847525200,39.891,806.493,6451682.04,1872795.23,11.0,4.5,2,41.61,0.32,4,1847,1856,39.23,0.94
640035,1852,5464,504,1118847525300,39.894,810.666,6451685.175,1872792.468,11.0,4.5,2,41.54,-1.36,4,1847,1856,39.11,0.94
640036,1852,5465,504,1118847525400,39.902,814.83,6451688.306,1872789.7040000001,11.0,4.5,2,41.28,-3.94,4,1847,1856,38.94,0.94
640037,1852,5466,504,1118847525500,39.878,818.951,6451691.416,1872787.0,11.0,4.5,2,40.82,-5.63,4,1847,1856,38.8,0.95
640038,1852,5467,504,1118847525600,39.806,823.0060000000001,6451694.505,1872784.379,11.0,4.5,2,40.27,-5.65,4,1847,1856,38.75,0.96
640039,1852,5468,504,1118847525700,39.765,826.9960000000001,6451697.525,1872781.7759999998,11.0,4.5,2,39.77,-4.36,4,1847,1856,38.76,0.97
640040,1852,5469,504,1118847525800,39.763000000000005,830.936,6451700.49,1872779.1709999999,11.0,4.5,2,39.46,-2.06,4,1847,1856,38.82,0.98
640041,1852,5470,504,1118847525900,39.749,834.8539999999999,6451703.435,1872776.5990000002,11.0,4.5,2,39.39,0.66,4,1847,1856,38.9,0.99
640042,1852,5471,504,1118847526000,39.699,838.784,6451706.411,1872774.0469999998,11.0,4.5,2,39.53,2.49,4,1847,1856,38.97,0.99
640043,1852,5472,504,1118847526100,39.614000000000004,842.748,6451709.449,1872771.489,11.0,4.5,2,39.76,2.44,4,1847,1856,39.02,0.98
640044,1852,5473,504,1118847526200,39.583,846.745,6451712.477999999,1872768.865,11.0,4.5,2,39.94,1.13,4,1847,1856,39.0,0.98
640045,1852,5474,504,1118847526300,39.616,850.7510000000001,6451715.4629999995,1872766.196,11.0,4.5,2,40.01,0.09,4,1847,1856,38.94,0.97
640046,1852,5475,504,1118847526400,39.625,854.755,6451718.46,1872763.5469999998,11.0,4.5,2,40.01,-0.13,4,1847,1856,38.96,0.97
640047,1852,5476,504,1118847526500,39.634,858.7539999999999,6451721.457,1872760.898,11.0,4.5,2,40.0,0.0,4,1847,1856,39.15,0.98
640048,1852,5477,504,1118847526600,39.644,862.7539999999999,6451724.454,1872758.249,11.0,4.5,2,40.0,0.02,4,1847,1856,39.47,0.99
640049,1852,5478,504,1118847526700,39.653,866.753,6451727.451,1872755.6,11.0,4.5,2,40.02,0.26,4,1847,1856,39.93,1.0
640050,1852,5479,504,1118847526800,39.664,870.757,6451730.448,1872752.95,11.0,4.5,2,40.03,0.06,4,1847,1856,40.53,1.01
640051,1852,5480,504,1118847526900,39.673,874.7719999999999,6451733.445,1872750.301,11.0,4.5,2,39.92,-1.71,4,1847,1856,41.2,1.03
640052,1852,5481,504,1118847527000,39.683,878.773,6451736.464,1872747.632,11.0,4.5,2,39.61,-4.51,4,1847,1856,41.93,1.06
640053,1852,5482,504,1118847527100,39.708,882.72,6451739.416,1872745.0019999999,11.0,4.5,2,39.14,-5.55,4,1847,1856,42.72,1.09
640054,1852,5483,504,1118847527200,39.701,886.5889999999999,6451742.323,1872742.4540000001,11.0,4.5,2,38.78,-2.57,4,1847,1856,43.58,1.12
640055,1852,5484,504,1118847527300,39.711,890.42,6451745.171,1872739.936,11.0,4.5,2,38.78,2.6,4,1847,1856,44.5,1.15
640056,1852,5485,504,1118847527400,39.704,894.289,6451748.078,1872737.3869999999,11.0,4.5,2,39.14,5.55,4,1847,1856,45.34,1.16
640057,1852,5486,504,1118847527500,39.729,898.2489999999999,6451751.03,1872734.757,11.0,4.5,2,39.48,2.45,4,1847,1856,45.96,1.16
640058,1852,5487,504,1118847527600,39.739000000000004,902.238,6451754.049,1872732.0880000002,11.0,4.5,2,39.51,-2.12,4,1847,1856,46.4,1.17
640059,1852,5488,504,1118847527700,39.749,906.181,6451757.046,1872729.439,11.0,4.5,2,39.4,-1.9,4,1847,1856,46.74,1.19
640060,1852,5489,504,1118847527800,39.769,910.092,6451760.043,1872726.79,11.0,4.5,2,39.39,1.57,4,1847,1856,46.96,1.19
640061,1852,5490,504,1118847527900,39.803000000000004,914.02,6451763.04,1872724.14,11.0,4.5,2,39.58,3.8,4,1847,1856,47.02,1.19
640062,1852,5491,504,1118847528000,39.836,918.0060000000001,6451766.0370000005,1872721.491,11.0,4.5,2,39.87,2.02,4,1847,1856,47.01,1.18
640063,1852,5492,504,1118847528100,39.869,922.02,6451769.034,1872718.842,11.0,4.5,2,40.0,0.0,4,1847,1856,46.99,1.17
640064,1852,5493,504,1118847528200,39.902,926.0189999999999,6451772.031,1872716.1930000002,11.0,4.5,2,40.0,0.0,4,1847,1856,47.0,1.18
640065,1852,5494,504,1118847528300,39.935,930.0189999999999,6451775.028,1872713.544,11.0,4.5,2,40.0,0.0,4,1847,1856,47.02,1.18
640066,1852,5495,504,1118847528400,39.969,934.0189999999999,6451778.025,1872710.894,11.0,4.5,2,40.0,-0.02,4,1847,1856,47.03,1.18
640067,1852,5496,504,1118847528500,40.001999999999995,938.0189999999999,6451781.022000001,1872708.245,11.0,4.5,2,40.0,0.0,4,1847,1856,47.04,1.18
640068,1852,5497,504,1118847528600,40.036,942.018,6451784.017999999,1872705.596,11.0,4.5,2,40.0,0.0,4,1847,1856,47.06,1.18
640069,1852,5498,504,1118847528700,40.069,946.018,6451787.015,1872702.947,11.0,4.5,2,40.0,0.02,4,1847,1856,47.09,1.18
640070,1852,5499,504,1118847528800,40.102,950.018,6451790.012,1872700.2980000002,11.0,4.5,2,40.0,0.0,4,1847,1856,47.11,1.18
640071,1852,5500,504,1118847528900,40.135,954.018,6451793.009,1872697.648,11.0,4.5,2,40.0,0.0,4,1847,1856,47.13,1.18
640072,1852,5501,504,1118847529000,40.169000000000004,958.0169999999999,6451796.006,1872694.999,11.0,4.5,2,40.0,0.04,4,1847,1856,47.13,1.18
640073,1852,5502,504,1118847529100,40.207,962.0169999999999,6451798.999,1872692.346,11.0,4.5,2,40.01,0.18,4,1847,1856,47.13,1.18
640074,1852,5503,504,1118847529200,40.24,966.018,6451801.996,1872689.697,11.0,4.5,2,40.04,0.35,4,1847,1856,47.13,1.18
640075,1852,5504,504,1118847529300,40.245,970.0219999999999,6451805.015,1872687.0659999999,11.0,4.5,2,40.08,0.43,4,1847,1856,47.13,1.18
640076,1852,5505,504,1118847529400,40.211,974.0319999999999,6451808.063999999,1872684.461,11.0,4.5,2,40.11,0.37,4,1847,1856,47.12,1.17
640077,1852,5506,504,1118847529500,40.152,978.047,6451811.132999999,1872681.871,11.0,4.5,2,40.14,0.2,4,1847,1856,47.1,1.17
640078,1852,5507,504,1118847529600,40.096,982.063,6451814.201,1872679.279,11.0,4.5,2,40.15,0.0,4,1847,1856,47.08,1.17
640079,1852,5508,504,1118847529700,40.044000000000004,986.077,6451817.266,1872676.6830000002,11.0,4.5,2,40.16,0.17,4,1847,1856,47.07,1.17
640080,1852,5509,504,1118847529800,39.993,990.0939999999999,6451820.33,1872674.0880000002,11.0,4.5,2,40.19,0.32,4,1847,1856,47.05,1.17
640081,1852,5510,504,1118847529900,39.955,994.117,6451823.381,1872671.485,11.0,4.5,2,40.19,-0.11,4,1847,1856,47.03,1.17
640082,1852,5511,504,1118847530000,39.941,998.138,6451826.4120000005,1872668.8669999999,11.0,4.5,2,40.15,-0.67,4,1847,1856,47.01,1.17
640083,1852,5512,504,1118847530100,39.948,1002.1519999999999,6451829.4229999995,1872666.235,11.0,4.5,2,40.09,-0.85,4,1847,1856,47.01,1.17
640084,1852,5513,504,1118847530200,39.958,1006.154,6451832.432,1872663.6,11.0,4.5,2,40.02,-0.39,4,1847,1856,47.01,1.17
640085,1852,5514,504,1118847530300,39.964,1010.1510000000001,6451835.444,1872660.968,11.0,4.5,2,40.0,0.0,4,1847,1856,46.97,1.17
640086,1852,5515,504,1118847530400,39.971,1014.1510000000001,6451838.456,1872658.336,11.0,4.5,2,40.0,0.0,4,1847,1856,46.86,1.17
640087,1852,5516,504,1118847530500,39.977,1018.1510000000001,6451841.467999999,1872655.7040000001,11.0,4.5,2,40.0,0.0,4,1847,1856,46.65,1.17
640088,1852,5517,504,1118847530600,39.983000000000004,1022.1510000000001,6451844.48,1872653.072,11.0,4.5,2,40.0,0.0,4,1847,1856,46.36,1.16
640089,1852,5518,504,1118847530700,39.989000000000004,1026.151,6451847.492000001,1872650.44,11.0,4.5,2,40.0,0.0,4,1847,1856,45.97,1.15
640090,1852,5519,504,1118847530800,39.995,1030.151,6451850.504,1872647.8080000002,11.0,4.5,2,40.0,0.0,4,1847,1856,45.52,1.14
640091,1852,5520,504,1118847530900,40.001,1034.151,6451853.516,1872645.176,11.0,4.5,2,40.0,0.0,4,1847,1856,45.01,1.13
640092,1852,5521,504,1118847531000,40.007,1038.151,6451856.528,1872642.544,11.0,4.5,2,40.0,0.0,4,1847,1856,44.5,1.11
640093,1852,5522,504,1118847531100,40.013000000000005,1042.151,6451859.54,1872639.9119999998,11.0,4.5,2,40.0,0.0,4,1847,1856,44.0,1.1
640094,1852,5523,504,1118847531200,40.02,1046.15,6451862.552,1872637.28,11.0,4.5,2,40.0,0.0,4,1847,1856,43.5,1.09
640095,1852,5524,504,1118847531300,40.025999999999996,1050.1480000000001,6451865.563999999,1872634.648,11.0,4.5,2,40.01,0.27,4,1847,1856,43.0,1.07
640096,1852,5525,504,1118847531400,40.032,1054.153,6451868.576,1872632.0159999998,11.0,4.5,2,40.03,0.09,4,1847,1856,42.49,1.06
640097,1852,5526,504,1118847531500,40.038000000000004,1058.1689999999999,6451871.5879999995,1872629.384,11.0,4.5,2,39.9,-2.04,4,1847,1856,41.98,1.05
640098,1852,5527,504,1118847531600,40.044000000000004,1062.1760000000002,6451874.622,1872626.733,11.0,4.5,2,39.47,-6.27,4,1847,1856,41.47,1.05
640099,1852,5528,504,1118847531700,40.091,1066.122,6451877.573,1872624.1,11.0,4.5,2,38.63,-10.7,4,1847,1856,41.03,1.06
640100,1852,5529,504,1118847531800,40.12,1069.93,6451880.437000001,1872621.5669999998,11.0,4.5,2,37.5,-11.2,4,1847,1856,40.72,1.09
640101,1852,5530,504,1118847531900,40.103,1073.622,6451883.22,1872619.165,11.0,4.5,2,36.37,-10.69,4,1847,1856,40.52,1.11
640102,1852,5531,504,1118847532000,40.066,1077.1760000000002,6451885.918,1872616.8630000001,11.0,4.5,2,35.54,-6.26,4,1847,1856,40.45,1.14
640103,1852,5532,504,1118847532100,40.071999999999996,1080.67,6451888.531,1872614.5790000001,11.0,4.5,2,35.1,-2.06,4,1847,1856,40.45,1.15
640104,1852,5533,504,1118847532200,40.077,1084.153,6451891.167,1872612.2759999998,11.0,4.5,2,34.97,0.07,4,1847,1856,40.52,1.16
640105,1852,5534,504,1118847532300,40.083,1087.649,6451893.802,1872609.9730000002,11.0,4.5,2,34.98,0.24,4,1847,1856,40.72,1.16
640106,1852,5535,504,1118847532400,40.088,1091.15,6451896.437999999,1872607.67,11.0,4.5,2,35.0,0.0,4,1847,1856,41.03,1.17
640107,1852,5536,504,1118847532500,40.094,1094.65,6451899.073,1872605.3669999999,11.0,4.5,2,35.0,0.0,4,1847,1856,41.47,1.18
640108,1852,5537,504,1118847532600,40.099000000000004,1098.15,6451901.709,1872603.064,11.0,4.5,2,35.0,0.0,4,1847,1856,41.98,1.2
640109,1852,5538,504,1118847532700,40.104,1101.65,6451904.344,1872600.761,11.0,4.5,2,35.0,0.0,4,1847,1856,42.49,1.21
640110,1852,5539,504,1118847532800,40.11,1105.15,6451906.98,1872598.458,11.0,4.5,2,35.0,0.0,4,1847,1856,43.0,1.23
640111,1852,5540,504,1118847532900,40.115,1108.65,6451909.615,1872596.155,11.0,4.5,2,35.0,0.0,4,1847,1856,43.49,1.24
640112,1852,5541,504,1118847533000,40.12,1112.15,6451912.251,1872593.852,11.0,4.5,2,35.0,0.0,4,1847,1856,44.0,1.26
640113,1852,5542,504,1118847533100,40.126,1115.65,6451914.886,1872591.549,11.0,4.5,2,35.0,0.0,4,1847,1856,44.53,1.27
640114,1852,5543,504,1118847533200,40.131,1119.152,6451917.522000001,1872589.246,11.0,4.5,2,34.98,-0.25,4,1847,1856,45.08,1.29
640115,1852,5544,504,1118847533300,40.135999999999996,1122.647,6451920.158,1872586.9430000002,11.0,4.5,2,34.97,-0.06,4,1847,1856,45.62,1.3
640116,1852,5545,504,1118847533400,40.141999999999996,1126.134,6451922.793,1872584.64,11.0,4.5,2,35.07,1.61,4,1847,1856,46.14,1.32
640117,1852,5546,504,1118847533500,40.147,1129.632,6451925.407000001,1872582.356,11.0,4.5,2,35.38,4.34,4,1847,1856,46.64,1.32
640118,1852,5547,504,1118847533600,40.137,1133.173,6451928.0879999995,1872580.034,11.0,4.5,2,35.92,6.91,4,1847,1856,47.1,1.31
640119,1852,5548,504,1118847533700,40.141999999999996,1136.79,6451930.817000001,1872577.65,11.0,4.5,2,36.67,8.22,4,1847,1856,47.48,1.29
640120,1852,5549,504,1118847533800,40.146,1140.497,6451933.603999999,1872575.217,11.0,4.5,2,37.5,8.43,4,1847,1856,47.76,1.27
640121,1852,5550,504,1118847533900,40.154,1144.29,6451936.464,1872572.715,11.0,4.5,2,38.33,8.25,4,1847,1856,47.95,1.25
640122,1852,5551,504,1118847534000,40.16,1148.173,6451939.382999999,1872570.164,11.0,4.5,2,39.08,6.93,4,1847,1856,48.07,1.23
640123,1852,5552,504,1118847534100,40.183,1152.125,6451942.348999999,1872567.55,11.0,4.5,2,39.69,5.34,4,1847,1856,48.16,1.21
640124,1852,5553,504,1118847534200,40.189,1156.134,6451945.382999999,1872564.899,11.0,4.5,2,40.13,3.5,4,1847,1856,48.28,1.2
640125,1852,5554,504,1118847534300,40.195,1160.182,6451948.395,1872562.267,11.0,4.5,2,40.34,0.86,4,1847,1856,48.46,1.2
640126,1852,5555,504,1118847534400,40.196,1164.233,6451951.407000001,1872559.635,11.0,4.5,2,40.33,-1.15,4,1847,1856,48.65,1.21
640127,1852,5556,504,1118847534500,40.19,1168.269,6451954.42,1872557.003,11.0,4.5,2,40.19,-2.15,4,1847,1856,48.84,1.22
640128,1852,5557,504,1118847534600,40.184,1172.271,6451957.432,1872554.371,11.0,4.5,2,40.04,-1.1,4,1847,1856,49.01,1.22
640129,1852,5558,504,1118847534700,40.179,1176.248,6451960.444,1872551.739,11.0,4.5,2,40.1,2.03,4,1847,1856,49.17,1.23
640130,1852,5559,504,1118847534800,40.174,1180.241,6451963.433999999,1872549.126,11.0,4.5,2,40.53,6.25,4,1847,1856,49.33,1.22
640131,1852,5560,504,1118847534900,40.126999999999995,1184.295,6451966.507,1872546.495,11.0,4.5,2,41.36,10.71,4,1847,1856,49.49,1.2
640132,1852,5561,504,1118847535000,40.099000000000004,1188.487,6451969.667,1872543.764,11.0,4.5,2,42.5,11.2,4,1847,1856,49.67,1.17
640133,1852,5562,504,1118847535100,40.115,1192.795,6451972.908,1872540.9019999998,11.0,4.5,2,43.64,10.71,4,1847,1856,49.86,1.14
640134,1852,5563,504,1118847535200,40.150999999999996,1197.241,6451976.235,1872537.94,11.0,4.5,2,44.47,6.25,4,1847,1856,50.05,1.13
640135,1852,5564,504,1118847535300,40.145,1201.747,6451979.645,1872534.96,11.0,4.5,2,44.9,2.03,4,1847,1856,50.33,1.12
640136,1852,5565,504,1118847535400,40.138000000000005,1206.264,6451983.034,1872531.999,11.0,4.5,2,45.03,-0.07,4,1847,1856,50.63,1.12
640137,1852,5566,504,1118847535500,40.132,1210.768,6451986.422,1872529.0380000002,11.0,4.5,2,45.02,-0.24,4,1847,1856,50.9,1.13
640138,1852,5567,504,1118847535600,40.126,1215.268,6451989.811000001,1872526.0769999998,11.0,4.5,2,44.98,-0.27,4,1847,1856,51.08,1.14
640139,1852,5568,504,1118847535700,40.12,1219.764,6451993.2,1872523.116,11.0,4.5,2,44.96,-0.19,4,1847,1856,51.18,1.14
640140,1852,5569,504,1118847535800,40.114000000000004,1224.245,6451996.5879999995,1872520.155,11.0,4.5,2,45.09,2.12,4,1847,1856,51.23,1.14
640141,1852,5570,504,1118847535900,40.102,1228.736,6451999.957,1872517.219,11.0,4.5,2,45.56,6.71,4,1847,1856,51.23,1.12
640142,1852,5571,504,1118847536000,40.062,1233.295,6452003.395,1872514.259,11.0,4.5,2,46.44,11.2,4,1847,1856,51.1,1.1
640143,1852,5572,504,1118847536100,40.091,1238.007,6452006.914,1872511.1369999999,11.0,4.5,2,47.68,11.2,4,1847,1856,50.72,1.06
640144,1852,5573,504,1118847536200,40.152,1242.833,6452010.506,1872507.909,11.0,4.5,2,48.92,11.2,4,1847,1856,50.11,1.02
640145,1852,5574,504,1118847536300,40.279,1247.823,6452014.18,1872504.521,11.0,4.5,2,49.68,4.56,4,1847,1856,49.28,0.99
640146,1852,5575,504,1118847536400,40.385,1252.874,6452017.943,1872501.083,11.0,4.5,2,49.68,-4.59,4,1847,1856,48.41,0.97
640147,1852,5576,504,1118847536500,40.514,1257.865,6452021.615,1872497.6940000001,11.0,4.5,2,48.92,-11.2,4,1847,1856,47.66,0.97
640148,1852,5577,504,1118847536600,40.576,1262.691,6452025.206,1872494.4640000002,11.0,4.5,2,47.68,-11.2,4,1847,1856,47.18,0.99
640149,1852,5578,504,1118847536700,40.608000000000004,1267.402,6452028.722999999,1872491.34,11.0,4.5,2,46.44,-11.2,4,1847,1856,46.89,1.01
640150,1852,5579,504,1118847536800,40.573,1271.962,6452032.159,1872488.376,11.0,4.5,2,45.56,-6.72,4,1847,1856,46.77,1.03
640151,1852,5580,504,1118847536900,40.567,1276.453,6452035.522999999,1872485.436,11.0,4.5,2,45.09,-2.14,4,1847,1856,46.63,1.03
640152,1852,5581,504,1118847537000,40.567,1280.933,6452038.908,1872482.471,11.0,4.5,2,44.96,0.19,4,1847,1856,46.36,1.03
640153,1852,5582,504,1118847537100,40.566,1285.4289999999999,6452042.293,1872479.506,11.0,4.5,2,44.98,0.28,4,1847,1856,46.02,1.02
640154,1852,5583,504,1118847537200,40.566,1289.931,6452045.677999999,1872476.54,11.0,4.5,2,45.0,0.0,4,1847,1856,45.71,1.02
640155,1852,5584,504,1118847537300,40.565,1294.431,6452049.062999999,1872473.575,11.0,4.5,2,45.0,0.0,4,1847,1856,45.49,1.01
640156,1852,5585,504,1118847537400,40.564,1298.9389999999999,6452052.448,1872470.61,11.0,4.5,2,44.92,-1.22,4,1847,1856,45.37,1.01
640157,1852,5586,504,1118847537500,40.563,1303.431,6452055.833,1872467.645,11.0,4.5,2,44.75,-2.29,4,1847,1856,45.34,1.01
640158,1852,5587,504,1118847537600,40.563,1307.889,6452059.217999999,1872464.68,11.0,4.5,2,44.62,-1.1,4,1847,1856,45.38,1.02
640159,1852,5588,504,1118847537700,40.576,1312.3329999999999,6452062.602999999,1872461.715,11.0,4.5,2,44.62,1.1,4,1847,1856,45.45,1.02
640160,1852,5589,504,1118847537800,40.591,1316.79,6452065.988,1872458.75,11.0,4.5,2,44.75,2.29,4,1847,1856,45.5,1.02
640161,1852,5590,504,1118847537900,40.607,1321.2820000000002,6452069.373,1872455.784,11.0,4.5,2,44.93,1.22,4,1847,1856,45.5,1.01
640162,1852,5591,504,1118847538000,40.621,1325.7910000000002,6452072.757999999,1872452.8190000001,11.0,4.5,2,45.0,0.0,4,1847,1856,45.49,1.01
640163,1852,5592,504,1118847538100,40.635999999999996,1330.2910000000002,6452076.142999999,1872449.854,11.0,4.5,2,45.0,0.0,4,1847,1856,45.49,1.01
640164,1852,5593,504,1118847538200,40.650999999999996,1334.7910000000002,6452079.528,1872446.889,11.0,4.5,2,45.0,0.0,4,1847,1856,45.49,1.01
640165,1852,5594,504,1118847538300,40.666,1339.2910000000002,6452082.913,1872443.924,11.0,4.5,2,45.0,0.0,4,1847,1856,45.49,1.01
640166,1852,5595,504,1118847538400,40.681,1343.7910000000002,6452086.2979999995,1872440.959,11.0,4.5,2,45.0,0.0,4,1847,1856,45.49,1.01
640167,1852,5596,504,1118847538500,40.696,1348.2910000000002,6452089.682999999,1872437.993,11.0,4.5,2,45.0,0.0,4,1847,1856,45.49,1.01
640168,1852,5597,504,1118847538600,40.711,1352.7910000000002,6452093.068,1872435.0280000002,11.0,4.5,2,45.0,0.0,4,1847,1856,45.49,1.01
640169,1852,5598,504,1118847538700,40.726,1357.289,6452096.4520000005,1872432.063,11.0,4.5,2,45.01,0.27,4,1847,1856,45.49,1.01
640170,1852,5599,504,1118847538800,40.741,1361.793,6452099.837,1872429.0980000002,11.0,4.5,2,45.03,0.09,4,1847,1856,45.5,1.01
640171,1852,5600,504,1118847538900,40.756,1366.307,6452103.222,1872426.1330000001,11.0,4.5,2,44.92,-1.68,4,1847,1856,45.49,1.01
640172,1852,5601,504,1118847539000,40.771,1370.809,6452106.629,1872423.148,11.0,4.5,2,44.61,-4.48,4,1847,1856,45.49,1.02
640173,1852,5602,504,1118847539100,40.802,1375.255,6452109.967999999,1872420.2019999998,11.0,4.5,2,44.15,-5.53,4,1847,1856,45.5,1.03
640174,1852,5603,504,1118847539200,40.8,1379.625,6452113.2639999995,1872417.3369999998,11.0,4.5,2,43.78,-2.57,4,1847,1856,45.47,1.04
640175,1852,5604,504,1118847539300,40.815,1383.9579999999999,6452116.499,1872414.5019999999,11.0,4.5,2,43.77,2.31,4,1847,1856,45.39,1.04
640176,1852,5605,504,1118847539400,40.813,1388.3229999999999,6452119.795,1872411.6369999999,11.0,4.5,2,44.12,5.45,4,1847,1856,45.29,1.03
640177,1852,5606,504,1118847539500,40.844,1392.753,6452123.134,1872408.69,11.0,4.5,2,44.71,6.54,4,1847,1856,45.25,1.01
640178,1852,5607,504,1118847539600,40.859,1397.25,6452126.518999999,1872405.725,11.0,4.5,2,45.43,7.56,4,1847,1856,45.26,1.0
640179,1852,5608,504,1118847539700,40.833,1401.8229999999999,6452129.965,1872402.761,11.0,4.5,2,46.25,8.96,4,1847,1856,45.32,0.98
640180,1852,5609,504,1118847539800,40.851,1406.494,6452133.482000001,1872399.677,11.0,4.5,2,47.1,8.58,4,1847,1856,45.36,0.96
640181,1852,5610,504,1118847539900,40.905,1411.251,6452137.05,1872396.501,11.0,4.5,2,47.92,7.74,4,1847,1856,45.42,0.95
640182,1852,5611,504,1118847540000,40.922,1416.088,6452140.697000001,1872393.305,11.0,4.5,2,48.7,7.24,4,1847,1856,45.47,0.93
640183,1852,5612,504,1118847540100,40.938,1421.0020000000002,6452144.331,1872390.122,11.0,4.5,2,49.31,5.84,4,1847,1856,45.46,0.92
640184,1852,5613,504,1118847540200,40.923,1425.976,6452148.003,1872386.927,11.0,4.5,2,49.77,3.52,4,1847,1856,45.3,0.91
640185,1852,5614,504,1118847540300,40.929,1430.991,6452151.717999999,1872383.6519999998,11.0,4.5,2,50.01,0.71,4,1847,1856,45.02,0.9
640186,1852,5615,504,1118847540400,40.919000000000004,1436.003,6452155.501,1872380.3380000002,11.0,4.5,2,50.04,-0.18,4,1847,1856,44.73,0.89
640187,1852,5616,504,1118847540500,40.91,1441.004,6452159.262,1872377.043,11.0,4.5,2,50.03,-0.07,4,1847,1856,44.54,0.89
640188,1852,5617,504,1118847540600,40.9,1446.009,6452163.022999999,1872373.7480000001,11.0,4.5,2,50.02,-0.27,4,1847,1856,44.47,0.89
640189,1852,5618,504,1118847540700,40.89,1451.007,6452166.784,1872370.4540000001,11.0,4.5,2,50.0,0.0,4,1847,1856,44.48,0.89
640190,1852,5619,504,1118847540800,40.88,1456.007,6452170.545,1872367.159,11.0,4.5,2,50.0,0.0,4,1847,1856,44.5,0.89
640191,1852,5620,504,1118847540900,40.87,1461.007,6452174.306,1872363.865,11.0,4.5,2,50.0,0.0,4,1847,1856,44.5,0.89
640192,1852,5621,504,1118847541000,40.86,1466.007,6452178.067000001,1872360.57,11.0,4.5,2,50.0,0.0,4,1847,1856,44.5,0.89
640193,1852,5622,504,1118847541100,40.851,1471.007,6452181.828,1872357.275,11.0,4.5,2,50.0,0.0,4,1847,1856,44.5,0.89
640194,1852,5623,504,1118847541200,40.84,1476.007,6452185.589,1872353.981,11.0,4.5,2,50.0,0.0,4,1847,1856,44.5,0.89
640195,1852,5624,504,1118847541300,40.830999999999996,1481.007,6452189.35,1872350.686,11.0,4.5,2,50.0,0.0,4,1847,1856,44.5,0.89
640196,1852,5625,504,1118847541400,40.821,1486.007,6452193.1110000005,1872347.3909999998,11.0,4.5,2,50.0,0.0,4,1847,1856,44.52,0.89
640197,1852,5626,504,1118847541500,40.811,1491.007,6452196.872,1872344.0969999998,11.0,4.5,2,50.0,0.0,4,1847,1856,44.52,0.89
640198,1852,5627,504,1118847541600,40.801,1496.007,6452200.632999999,1872340.802,11.0,4.5,2,50.0,0.0,4,1847,1856,44.45,0.89
640199,1852,5628,504,1118847541700,40.79,1501.007,6452204.395,1872337.5080000001,11.0,4.5,2,50.0,0.0,4,1847,1856,44.3,0.89
640200,1852,5629,504,1118847541800,40.781,1506.009,6452208.156,1872334.2130000002,11.0,4.5,2,49.98,-0.26,4,1847,1856,44.22,0.88
640201,1852,5630,504,1118847541900,40.771,1511.003,6452211.917,1872330.918,11.0,4.5,2,49.99,0.15,4,1847,1856,44.32,0.89
640202,1852,5631,504,1118847542000,40.760999999999996,1515.99,6452215.677999999,1872327.624,11.0,4.5,2,50.13,2.19,4,1847,1856,44.55,0.89
640203,1852,5632,504,1118847542100,40.751999999999995,1520.997,6452219.417,1872324.3480000002,11.0,4.5,2,50.47,4.67,4,1847,1856,44.93,0.89
640204,1852,5633,504,1118847542200,40.733000000000004,1526.056,6452223.237000001,1872321.013,11.0,4.5,2,50.98,6.17,4,1847,1856,45.26,0.89
640205,1852,5634,504,1118847542300,40.675,1531.1879999999999,6452227.1389999995,1872317.659,11.0,4.5,2,51.56,5.53,4,1847,1856,45.46,0.88
640206,1852,5635,504,1118847542400,40.556999999999995,1536.401,6452231.102999999,1872314.3290000001,11.0,4.5,2,51.85,1.15,4,1847,1856,45.5,0.88
640207,1852,5636,504,1118847542500,40.363,1541.6070000000002,6452235.182,1872311.001,11.0,4.5,2,51.85,-1.55,4,1847,1856,45.42,0.88
640208,1852,5637,504,1118847542600,40.2,1546.765,6452239.2129999995,1872307.6719999998,11.0,4.5,2,52.0,2.06,4,1847,1856,45.3,0.87
640209,1852,5638,504,1118847542700,40.188,1551.9370000000001,6452243.195,1872304.2280000001,11.0,4.5,2,52.51,8.45,4,1847,1856,45.12,0.86
640210,1852,5639,504,1118847542800,40.223,1557.205,6452247.231000001,1872300.6830000002,11.0,4.5,2,53.38,11.2,4,1847,1856,44.84,0.84
640211,1852,5640,504,1118847542900,40.253,1562.626,6452251.312999999,1872297.105,11.0,4.5,2,54.26,6.6,4,1847,1856,44.41,0.82
640212,1852,5641,504,1118847543000,40.277,1568.135,6452255.453,1872293.485,11.0,4.5,2,54.57,-0.49,4,1847,1856,43.89,0.8
640213,1852,5642,504,1118847543100,40.303000000000004,1573.626,6452259.591,1872289.8630000001,11.0,4.5,2,54.25,-5.96,4,1847,1856,43.4,0.8
640214,1852,5643,504,1118847543200,40.361,1579.0529999999999,6452263.659,1872286.26,11.0,4.5,2,53.45,-10.43,4,1847,1856,43.03,0.8
640215,1852,5644,504,1118847543300,40.396,1584.348,6452267.643999999,1872282.76,11.0,4.5,2,52.36,-11.2,4,1847,1856,42.86,0.82
640216,1852,5645,504,1118847543400,40.382,1589.5220000000002,6452271.556,1872279.3869999999,11.0,4.5,2,51.28,-10.13,4,1847,1856,42.85,0.84
640217,1852,5646,504,1118847543500,40.349000000000004,1594.5729999999999,6452275.386,1872276.111,11.0,4.5,2,50.48,-6.11,4,1847,1856,42.89,0.85
640218,1852,5647,504,1118847543600,40.352,1599.5610000000001,6452279.142000001,1872272.852,11.0,4.5,2,50.06,-1.94,4,1847,1856,43.0,0.86
640219,1852,5648,504,1118847543700,40.354,1604.5279999999998,6452282.918,1872269.575,11.0,4.5,2,50.07,2.17,4,1847,1856,43.23,0.86
640220,1852,5649,504,1118847543800,40.357,1609.5179999999998,6452286.672,1872266.3169999998,11.0,4.5,2,50.52,6.51,4,1847,1856,43.5,0.86
640221,1852,5650,504,1118847543900,40.32,1614.5739999999998,6452290.51,1872263.04,11.0,4.5,2,51.37,10.68,4,1847,1856,43.61,0.85
640222,1852,5651,504,1118847544000,40.301,1619.766,6452294.433999999,1872259.664,11.0,4.5,2,52.5,11.2,4,1847,1856,43.41,0.83
640223,1852,5652,504,1118847544100,40.326,1625.0739999999998,6452298.44,1872256.158,11.0,4.5,2,53.63,10.7,4,1847,1856,43.15,0.8
640224,1852,5653,504,1118847544200,40.371,1630.519,6452302.531,1872252.552,11.0,4.5,2,54.46,6.29,4,1847,1856,42.97,0.79
640225,1852,5654,504,1118847544300,40.374,1635.987,6452306.707,1872248.928,11.0,4.5,2,55.25,7.72,4,1847,1856,42.96,0.78
640226,1852,5655,504,1118847544400,40.376999999999995,1641.5410000000002,6452310.8610000005,1872245.323,11.0,4.5,2,56.19,10.5,4,1847,1856,43.05,0.77
640227,1852,5656,504,1118847544500,40.381,1647.244,6452315.015,1872241.717,11.0,4.5,2,56.75,4.79,4,1847,1856,43.17,0.76
640228,1852,5657,504,1118847544600,40.371,1653.0,6452319.168,1872238.112,11.0,4.5,2,56.74,-5.1,4,1847,1856,43.35,0.76
640229,1852,5658,504,1118847544700,40.285,1658.6970000000001,6452323.322000001,1872234.507,11.0,4.5,2,56.16,-10.6,4,1847,1856,43.57,0.78
640230,1852,5659,504,1118847544800,40.2,1664.233,6452327.476,1872230.9019999998,11.0,4.5,2,55.34,-5.65,4,1847,1856,43.98,0.79
640231,1852,5660,504,1118847544900,40.114000000000004,1669.694,6452331.63,1872227.2969999998,11.0,4.5,2,54.99,0.0,4,1847,1856,44.34,0.81
640232,1852,5661,504,1118847545000,40.03,1675.193,6452335.783,1872223.6919999998,11.0,4.5,2,54.99,0.0,4,1847,1856,44.54,0.81
640233,1852,5662,504,1118847545100,39.944,1680.693,6452339.937000001,1872220.0869999998,11.0,4.5,2,54.99,0.0,4,1847,1856,44.57,0.81
640234,1852,5663,504,1118847545200,39.859,1686.192,6452344.091,1872216.4819999998,11.0,4.5,2,54.99,0.0,4,1847,1856,44.58,0.81
640235,1852,5664,504,1118847545300,39.773,1691.691,6452348.245,1872212.8769999999,11.0,4.5,2,54.99,0.0,4,1847,1856,44.67,0.81
640236,1852,5665,504,1118847545400,39.689,1697.191,6452352.397999999,1872209.2719999999,11.0,4.5,2,54.99,0.0,4,1847,1856,44.66,0.81
640237,1852,5666,504,1118847545500,39.603,1702.69,6452356.552,1872205.667,11.0,4.5,2,54.99,0.0,4,1847,1856,44.51,0.81
640238,1852,5667,504,1118847545600,39.518,1708.223,6452360.706,1872202.062,11.0,4.5,2,54.68,-4.98,4,1847,1856,44.19,0.81
640239,1852,5668,504,1118847545700,39.433,1713.7020000000002,6452364.859,1872198.457,11.0,4.5,2,53.85,-11.2,4,1847,1856,43.88,0.81
640240,1852,5669,504,1118847545800,39.348,1719.015,6452369.012999999,1872194.852,11.0,4.5,2,53.07,-8.02,4,1847,1856,43.71,0.82
640241,1852,5670,504,1118847545900,39.266999999999996,1724.22,6452373.167,1872191.246,11.0,4.5,2,52.87,2.78,4,1847,1856,43.61,0.82
640242,1852,5671,504,1118847546000,39.292,1729.4579999999999,6452377.321,1872187.6409999998,11.0,4.5,2,53.39,11.06,4,1847,1856,43.47,0.81
640243,1852,5672,504,1118847546100,39.319,1734.859,6452381.473999999,1872184.0359999998,11.0,4.5,2,54.3,8.55,4,1847,1856,43.18,0.8
640244,1852,5673,504,1118847546200,39.345,1740.38,6452385.628,1872180.4309999999,11.0,4.5,2,54.88,1.91,4,1847,1856,42.82,0.78
640245,1852,5674,504,1118847546300,39.37,1745.8929999999998,6452389.782000001,1872176.826,11.0,4.5,2,55.0,0.0,4,1847,1856,42.47,0.77
640246,1852,5675,504,1118847546400,39.396,1751.3929999999998,6452393.936000001,1872173.221,11.0,4.5,2,55.0,0.0,4,1847,1856,42.16,0.77
640247,1852,5676,504,1118847546500,39.423,1756.8929999999998,6452398.089,1872169.616,11.0,4.5,2,55.0,0.0,4,1847,1856,41.89,0.76
640248,1852,5677,504,1118847546600,39.449,1762.3929999999998,6452402.243,1872166.011,11.0,4.5,2,55.0,0.0,4,1847,1856,41.65,0.76
640249,1852,5678,504,1118847546700,39.474000000000004,1767.8929999999998,6452406.397000001,1872162.406,11.0,4.5,2,55.0,0.0,4,1847,1856,41.45,0.75
640250,1852,5679,504,1118847546800,39.501,1773.392,6452410.55,1872158.801,11.0,4.5,2,55.0,0.0,4,1847,1856,41.3,0.75
640251,1852,5680,504,1118847546900,39.527,1778.892,6452414.704,1872155.196,11.0,4.5,2,55.0,0.0,4,1847,1856,41.24,0.75
640252,1852,5681,504,1118847547000,39.552,1784.375,6452418.857999999,1872151.591,11.0,4.5,2,55.16,2.56,4,1847,1856,41.28,0.75
640253,1852,5682,504,1118847547100,39.578,1789.894,6452423.012,1872147.986,11.0,4.5,2,55.5,4.38,4,1847,1856,41.29,0.74
640254,1852,5683,504,1118847547200,39.605,1795.489,6452427.165,1872144.381,11.0,4.5,2,55.63,0.38,4,1847,1856,41.13,0.74
640255,1852,5684,504,1118847547300,39.616,1801.094,6452431.341,1872140.756,11.0,4.5,2,55.33,-6.3,4,1847,1856,40.84,0.74
640256,1852,5685,504,1118847547400,39.621,1806.625,6452435.449,1872137.169,11.0,4.5,2,54.64,-9.79,4,1847,1856,40.53,0.74
640257,1852,5686,504,1118847547500,39.594,1812.024,6452439.512999999,1872133.664,11.0,4.5,2,53.85,-6.58,4,1847,1856,40.34,0.75
640258,1852,5687,504,1118847547600,39.584,1817.3410000000001,6452443.539,1872130.17,11.0,4.5,2,53.39,-1.91,4,1847,1856,40.38,0.76
640259,1852,5688,504,1118847547700,39.574,1822.656,6452447.556,1872126.6830000002,11.0,4.5,2,53.29,0.11,4,1847,1856,40.56,0.76
640260,1852,5689,504,1118847547800,39.563,1827.9720000000002,6452451.574,1872123.196,11.0,4.5,2,53.41,2.12,4,1847,1856,40.88,0.77
640261,1852,5690,504,1118847547900,39.553000000000004,1833.3210000000001,6452455.6,1872119.7019999998,11.0,4.5,2,53.63,2.61,4,1847,1856,41.35,0.77
640262,1852,5691,504,1118847548000,39.543,1838.717,6452459.661,1872116.177,11.0,4.5,2,53.67,-0.76,4,1847,1856,41.86,0.78
640263,1852,5692,504,1118847548100,39.549,1844.119,6452463.77,1872112.5890000002,11.0,4.5,2,53.26,-7.01,4,1847,1856,42.19,0.79
640264,1852,5693,504,1118847548200,39.585,1849.4379999999999,6452467.76,1872109.064,11.0,4.5,2,52.38,-11.2,4,1847,1856,42.48,0.81
640265,1852,5694,504,1118847548300,39.553000000000004,1854.61,6452471.683999999,1872105.688,11.0,4.5,2,51.41,-9.24,4,1847,1856,42.76,0.83
640266,1852,5695,504,1118847548400,39.491,1859.651,6452475.509,1872102.437,11.0,4.5,2,50.95,-0.74,4,1847,1856,42.98,0.84
640267,1852,5696,504,1118847548500,39.469,1864.684,6452479.28,1872099.18,11.0,4.5,2,51.28,7.93,4,1847,1856,43.06,0.84
640268,1852,5697,504,1118847548600,39.534,1869.832,6452483.137,1872095.7340000002,11.0,4.5,2,52.24,11.2,4,1847,1856,42.88,0.82
640269,1852,5698,504,1118847548700,39.657,1875.1370000000002,6452487.0370000005,1872092.1719999998,11.0,4.5,2,53.15,7.23,4,1847,1856,42.38,0.8
640270,1852,5699,504,1118847548800,39.875,1880.576,6452490.989,1872088.44,11.0,4.5,2,53.09,-6.66,4,1847,1856,41.66,0.78
640271,1852,5700,504,1118847548900,40.166,1885.851,6452494.967,1872084.5880000002,11.0,4.5,2,51.98,-11.2,4,1847,1856,41.02,0.79
640272,1852,5701,504,1118847549000,40.342,1890.967,6452498.844,1872080.976,11.0,4.5,2,50.32,-11.2,4,1847,1856,40.44,0.8
640273,1852,5702,504,1118847549100,40.538000000000004,1895.9279999999999,6452502.5879999995,1872077.544,11.0,4.5,2,48.59,-11.2,4,1847,1856,39.96,0.82
640274,1852,5703,504,1118847549200,40.659,1900.7179999999998,6452506.226,1872074.3,11.0,4.5,2,47.2,-11.2,4,1847,1856,39.66,0.84
640275,1852,5704,504,1118847549300,40.711,1905.3770000000002,6452509.742000001,1872071.249,11.0,4.5,2,46.0,-11.2,4,1847,1856,39.49,0.86
640276,1852,5705,504,1118847549400,40.705999999999996,1909.918,6452513.156,1872068.36,11.0,4.5,2,44.75,-11.2,4,1847,1856,39.45,0.88
640277,1852,5706,504,1118847549500,40.582,1914.328,6452516.643999999,1872065.564,11.0,4.5,2,43.62,-10.24,4,1847,1856,39.54,0.91
640278,1852,5707,504,1118847549600,40.46,1918.6270000000002,6452519.98,1872062.895,11.0,4.5,2,42.72,-8.34,4,1847,1856,39.77,0.93
640279,1852,5708,504,1118847549700,40.441,1922.838,6452523.197000001,1872060.1919999998,11.0,4.5,2,42.04,-5.32,4,1847,1856,40.04,0.95
640280,1852,5709,504,1118847549800,40.574,1926.997,6452526.283,1872057.4,11.0,4.5,2,41.61,-2.82,4,1847,1856,40.28,0.97
640281,1852,5710,504,1118847549900,40.888000000000005,1931.136,6452529.246,1872054.475,11.0,4.5,2,41.37,-1.79,4,1847,1856,40.37,0.98
640282,1852,5711,504,1118847550000,41.29600000000001,1935.26,6452532.122,1872051.501,11.0,4.5,2,41.24,-1.04,4,1847,1856,40.29,0.98
640283,1852,5712,504,1118847550100,41.668,1939.3729999999998,6452535.017999999,1872048.5569999998,11.0,4.5,2,41.16,-0.37,4,1847,1856,40.28,0.98
640284,1852,5713,504,1118847550200,42.038999999999994,1943.484,6452537.915,1872045.6130000001,11.0,4.5,2,41.14,0.08,4,1847,1856,40.47,0.98
640285,1852,5714,504,1118847550300,42.41,1947.599,6452540.812000001,1872042.669,11.0,4.5,2,41.15,0.14,4,1847,1856,40.78,0.99
640286,1852,5715,504,1118847550400,42.782,1951.719,6452543.709,1872039.7240000002,11.0,4.5,2,41.13,-0.45,4,1847,1856,41.34,1.0
640287,1852,5716,504,1118847550500,43.177,1955.8370000000002,6452546.598999999,1872036.756,11.0,4.5,2,41.01,-1.72,4,1847,1856,41.83,1.02
640288,1852,5717,504,1118847550600,43.556000000000004,1959.941,6452549.488,1872033.8080000002,11.0,4.5,2,40.77,-3.26,4,1847,1856,42.33,1.04
640289,1852,5718,504,1118847550700,43.762,1964.006,6452552.451,1872031.025,11.0,4.5,2,40.43,-3.86,4,1847,1856,42.89,1.06
640290,1852,5719,504,1118847550800,43.856,1968.0720000000001,6452555.464,1872028.346,11.0,4.5,2,39.66,-10.0,4,1847,1856,43.43,1.1
640291,1852,5720,504,1118847550900,43.788999999999994,1971.9720000000002,6452558.527000001,1872025.836,11.0,4.5,2,38.44,-11.2,4,1847,1856,44.03,1.15
640292,1852,5721,504,1118847551000,43.641000000000005,1975.735,6452561.664,1872023.37,11.0,4.5,2,37.66,-6.1,4,1847,1856,44.62,1.18
640293,1852,5722,504,1118847551100,43.552,1979.3929999999998,6452564.801,1872020.882,11.0,4.5,2,37.7,7.12,4,1847,1856,45.19,1.2
640294,1852,5723,504,1118847551200,43.506,1983.168,6452567.93,1872018.3909999998,11.0,4.5,2,38.48,11.2,4,1847,1856,45.48,1.18
640295,1852,5724,504,1118847551300,43.458,1987.09,6452571.06,1872015.9,11.0,4.5,2,39.54,7.32,4,1847,1856,45.55,1.15
640296,1852,5725,504,1118847551400,43.411,1991.138,6452574.19,1872013.409,11.0,4.5,2,40.01,0.25,4,1847,1856,45.47,1.14
640297,1852,5726,504,1118847551500,43.363,1995.142,6452577.32,1872010.919,11.0,4.5,2,40.02,0.05,4,1847,1856,45.47,1.14
640298,1852,5727,504,1118847551600,43.316,1999.158,6452580.45,1872008.428,11.0,4.5,2,39.89,-2.13,4,1847,1856,45.47,1.14
640299,1852,5728,504,1118847551700,43.268,2003.164,6452583.602999999,1872005.919,11.0,4.5,2,39.45,-6.31,4,1847,1856,45.49,1.15
640300,1852,5729,504,1118847551800,43.263000000000005,2007.106,6452586.667,1872003.427,11.0,4.5,2,38.62,-10.61,4,1847,1856,45.44,1.18
640301,1852,5730,504,1118847551900,43.24100000000001,2010.915,6452589.642999999,1872001.03,11.0,4.5,2,37.5,-11.2,4,1847,1856,45.38,1.21
640302,1852,5731,504,1118847552000,43.175,2014.608,6452592.535,1871998.757,11.0,4.5,2,36.36,-10.87,4,1847,1856,45.33,1.25
640303,1852,5732,504,1118847552100,43.091,2018.16,6452595.34,1871996.5780000002,11.0,4.5,2,35.52,-6.37,4,1847,1856,45.5,1.28
640304,1852,5733,504,1118847552200,43.05,2021.64,6452598.055,1871994.417,11.0,4.5,2,35.18,-0.43,4,1847,1856,45.89,1.3
640305,1852,5734,504,1118847552300,43.00899999999999,2025.122,6452600.771000001,1871992.256,11.0,4.5,2,35.37,4.51,4,1847,1856,46.31,1.31
640306,1852,5735,504,1118847552400,42.95,2028.671,6452603.558999999,1871990.0590000001,11.0,4.5,2,35.84,5.74,4,1847,1856,46.6,1.3
640307,1852,5736,504,1118847552500,42.924,2032.3029999999999,6452606.3889999995,1871987.785,11.0,4.5,2,36.21,2.54,4,1847,1856,46.84,1.29
640308,1852,5737,504,1118847552600,42.88,2035.97,6452609.283,1871985.4819999998,11.0,4.5,2,36.21,-2.52,4,1847,1856,47.12,1.3
640309,1852,5738,504,1118847552700,42.855,2039.6,6452612.113,1871983.208,11.0,4.5,2,35.85,-5.49,4,1847,1856,47.5,1.32
640310,1852,5739,504,1118847552800,42.795,2043.154,6452614.902000001,1871981.011,11.0,4.5,2,35.39,-4.48,4,1847,1856,47.97,1.36
640311,1852,5740,504,1118847552900,42.754,2046.6529999999998,6452617.617000001,1871978.85,11.0,4.5,2,35.08,-1.72,4,1847,1856,48.48,1.38
640312,1852,5741,504,1118847553000,42.711999999999996,2050.1679999999997,6452620.356000001,1871976.6709999999,11.0,4.5,2,34.7,-4.3,4,1847,1856,48.9,1.41
640313,1852,5742,504,1118847553100,42.672,2053.634,6452623.094,1871974.491,11.0,4.5,2,34.08,-7.89,4,1847,1856,49.26,1.45
640314,1852,5743,504,1118847553200,42.63,2056.9829999999997,6452625.833,1871972.312,11.0,4.5,2,33.66,-3.92,4,1847,1856,49.64,1.47
640315,1852,5744,504,1118847553300,42.598,2060.284,6452628.572000001,1871970.132,11.0,4.5,2,33.66,3.92,4,1847,1856,50.1,1.49
640316,1852,5745,504,1118847553400,42.598,2063.631,6452631.31,1871967.9530000002,11.0,4.5,2,34.1,8.18,4,1847,1856,50.58,1.48
640317,1852,5746,504,1118847553500,42.598,2067.103,6452634.049,1871965.774,11.0,4.5,2,34.73,4.38,4,1847,1856,51.04,1.47
640318,1852,5747,504,1118847553600,42.598,2070.632,6452636.788,1871963.594,11.0,4.5,2,35.0,0.0,4,1847,1856,51.01,1.46
640319,1852,5748,504,1118847553700,42.598,2074.133,6452639.526000001,1871961.415,11.0,4.5,2,35.0,0.0,4,1847,1856,51.01,1.46
640320,1852,5749,504,1118847553800,42.598,2077.633,6452642.265,1871959.235,11.0,4.5,2,35.0,0.0,4,0,1856,0.0,0.0
640321,1852,5750,504,1118847553900,42.597,2081.133,6452645.004,1871957.0559999999,11.0,4.5,2,35.0,0.0,4,0,1856,0.0,0.0
640322,1852,5751,504,1118847554000,42.597,2084.633,6452647.742000001,1871954.8769999999,11.0,4.5,2,35.0,0.0,4,0,1856,0.0,0.0
640323,1852,5752,504,1118847554100,42.597,2088.133,6452650.481000001,1871952.697,11.0,4.5,2,35.0,0.0,4,0,1856,0.0,0.0
640324,1852,5753,504,1118847554200,42.596000000000004,2091.633,6452653.22,1871950.5180000002,11.0,4.5,2,35.0,0.0,4,0,1856,0.0,0.0
640325,1852,5754,504,1118847554300,42.597,2095.133,6452655.958,1871948.3380000002,11.0,4.5,2,35.0,0.0,4,0,1856,0.0,0.0
640326,1852,5755,504,1118847554400,42.596000000000004,2098.631,6452658.697000001,1871946.159,11.0,4.5,2,35.02,0.26,4,0,1856,0.0,0.0
640327,1852,5756,504,1118847554500,42.597,2102.133,6452661.435,1871943.979,11.0,4.5,2,35.05,0.49,4,0,1856,0.0,0.0
640328,1852,5757,504,1118847554600,42.596000000000004,2105.6420000000003,6452664.174,1871941.8,11.0,4.5,2,35.08,0.23,4,0,1856,0.0,0.0
640329,1852,5758,504,1118847554700,42.593,2109.154,6452666.913,1871939.621,11.0,4.5,2,35.08,-0.23,4,0,1856,0.0,0.0
640330,1852,5759,504,1118847554800,42.591,2112.663,6452669.651000001,1871937.4409999999,11.0,4.5,2,35.05,-0.48,4,0,1856,0.0,0.0
640331,1852,5760,504,1118847554900,42.588,2116.163,6452672.39,1871935.2619999999,11.0,4.5,2,35.05,0.0,4,0,1856,0.0,0.0
640332,1852,5761,504,1118847555000,42.586000000000006,2119.6639999999998,6452675.129,1871933.082,11.0,4.5,2,35.05,0.0,4,0,1856,0.0,0.0
640333,1852,5762,504,1118847555100,42.583,2123.163,6452677.867000001,1871930.9030000002,11.0,4.5,2,35.05,0.0,4,0,1856,0.0,0.0
